subid	maindown	area	latitude	longitude	elev_mean	slope_mean	rivlen	SLC_1	SLC_2	SLC_3	SLC_4	SLC_5	SLC_6	SLC_7	SLC_8	SLC_9	SLC_10	SLC_11	SLC_12	SLC_13	SLC_14	SLC_15	SLC_16	SLC_17	SLC_18	SLC_19
71031130	71028757	25071114.932280734	51.23217283684893	-114.81045845888946	5	0.063497455686	218.630116939858	0.0	0.0	0.0	0.0	0.0	0.6738372216749794	0.0	0.1495865108714383	0.1765762674535822	0.0	0.0	0.0	0.0	0.0	0.0	0.0	0.0	0.0	0.0
71031429	71030308	25188188.32137305	51.344427406140966	-115.45622212723522	5	0.025595635315	327.762132962074	0.0	0.643451135139048	0.0	0.0	0.0	0.0	0.0	0.088324155496112	0.26822470936484	0.0	0.0	0.0	0.0	0.0	0.0	0.0	0.0	0.0	0.0
71024578	71022164	25420425.487094283	52.11039948632511	-114.07312751631257	5	0.007512017695	730.21828632318	0.0	0.0	0.057224235445706	0.0	0.0	0.0	0.0	0.0	0.0	0.0	0.0	0.0	0.0	0.0	0.0	0.0	0.942775764554294	0.0	0.0
71032292	71030270	25591307.97430908	51.62579151857267	-116.08858700954771	5	0.013546719006	493.825993036273	0.0	0.7423456952795314	0.0	0.0	0.0	0.0	0.0824282855595976	0.0705097499233997	0.1047162692374711	0.0	0.0	0.0	0.0	0.0	0.0	0.0	0.0	0.0	0.0
71024619	71022248	25798781.322349768	52.096781438149925	-114.71682351532577	5	0.007154547965	1479.5441924134561	0.0	0.0	0.0644890230499373	0.0	0.0	0.0894295833744639	0.0	0.0	0.0956261890911758	0.0	0.0	0.0	0.0	0.0	0.0	0.0	0.7504552044844229	0.0	0.0
71032106	71030390	25809210.5217271	51.58081413847965	-116.03621999723319	5	0.004285541501	442.56311955932995	0.0	0.6152570141559497	0.0	0.0	0.0	0.0	0.2529861165382475	0.0	0.1317568693058028	0.0	0.0	0.0	0.0	0.0	0.0	0.0	0.0	0.0	0.0
71038890	71035360	25852939.478708826	50.82079841370111	-115.12621271144793	5	0.053588128872	796.814138301503	0.0	0.3868599077486148	0.0	0.0	0.0	0.0	0.0	0.1936784501262857	0.4194616421250995	0.0	0.0	0.0	0.0	0.0	0.0	0.0	0.0	0.0	0.0
71031215	71030314	25911235.857262604	51.26424210891431	-114.48916649323627	5	0.010427781664	1263.549004414944	0.0	0.0	0.0868892489280163	0.0	0.0630548816681375	0.2035372605579085	0.0	0.3838363902555435	0.0	0.0	0.0	0.0	0.0	0.0	0.0	0.0	0.262682218590394	0.0	0.0
71025839	71024292	26105643.64139337	52.467961007174935	-114.53769312009639	5	0.003302102649	1995.124721639534	0.0	0.0	0.0	0.0	0.0	0.2829631845847324	0.0	0.0	0.0	0.0	0.0	0.0	0.0	0.0	0.0	0.0	0.631964748971566	0.0	0.0850720664437016
71031640	71029759	26201606.085372984	51.38004054608914	-114.30427034147696	5	0.00595166393	587.2754334850549	0.0	0.0	0.0	0.0	0.0	0.2453939049820423	0.0	0.3761237243653604	0.0	0.0	0.0	0.0	0.0	0.0	0.0	0.0	0.3784823706525974	0.0	0.0
71030896	71030100	26857362.737268478	51.14773634594737	-115.85318387681157	5	0.082352219743	1506.81491563522	0.0	0.274551190273488	0.0	0.0	0.0	0.0895905645684667	0.0	0.1648741402328412	0.4709841049252039	0.0	0.0	0.0	0.0	0.0	0.0	0.0	0.0	0.0	0.0
71032673	71028681	27411826.42306699	51.72168582002341	-114.7141022269836	5	0.003816933387	2640.5914158205032	0.0	0.0	0.0	0.0	0.0	0.3182406393148007	0.0	0.071478573940874	0.1102338888040013	0.0	0.0	0.0	0.0	0.0	0.0	0.0	0.500046897940324	0.0	0.0
71038233	71035946	27840145.52340889	50.59754043876873	-115.08110363457747	5	0.018803505634	2771.418867165296	0.0	0.146094000997613	0.0	0.0	0.0	0.0	0.0	0.0	0.853905999002387	0.0	0.0	0.0	0.0	0.0	0.0	0.0	0.0	0.0	0.0
71031687	71030287	27933849.104431614	51.39757362848894	-115.99937022778302	5	0.024554802146	2073.364759067681	0.0	0.7663275031073231	0.0	0.0	0.0	0.0	0.0	0.0789443264305669	0.1547281704621099	0.0	0.0	0.0	0.0	0.0	0.0	0.0	0.0	0.0	0.0
71039250	71028304	27957672.30569055	50.95241359223304	-115.0347456310679	5	0.03278159889	2518.299361271426	0.0	0.3969833355184795	0.0	0.0	0.0	0.0	0.0	0.0958688777536431	0.5071477867278773	0.0	0.0	0.0	0.0	0.0	0.0	0.0	0.0	0.0	0.0
71032486	71028722	28083677.227743413	51.68837011669204	-114.57205685565697	5	0.015392193914	3651.843757231441	0.0	0.0	0.0	0.0	0.0	0.3776100204759343	0.0	0.0554370575430006	0.2633914527870578	0.0	0.0	0.0	0.0	0.0	0.0	0.0	0.3035614691940071	0.0	0.0
71032683	71028961	28476343.794124626	51.752698301167904	-115.70998625944657	5	0.067259179705	3728.348692046926	0.0	0.3908867778589635	0.0	0.0	0.0	0.0736621608362477	0.0	0.2821994506083274	0.2532516106964613	0.0	0.0	0.0	0.0	0.0	0.0	0.0	0.0	0.0	0.0
71032265	71029212	28658093.39719656	51.62423248070702	-114.9225695481703	5	0.002348604107	1742.480107615933	0.0	0.0	0.0	0.0	0.0	0.3941635186670438	0.0	0.0	0.6058364813329562	0.0	0.0	0.0	0.0	0.0	0.0	0.0	0.0	0.0	0.0
71025411	71022754	28843341.771114644	52.34355851743656	-114.2828640983507	5	0.001538875933	2596.274783120255	0.0	0.0	0.0	0.0	0.0	0.0774356800196047	0.0	0.0	0.0	0.0	0.0	0.0	0.0	0.0	0.0	0.0	0.9225643199803952	0.0	0.0
71032455	71028699	29078431.68717903	51.69532564762083	-115.37899304917639	5	0.03141547635	2257.446837030777	0.0	0.0	0.0	0.0	0.0	0.0876778637185552	0.0	0.2333702288279599	0.6789519074534849	0.0	0.0	0.0	0.0	0.0	0.0	0.0	0.0	0.0	0.0
71025219	71023982	29722185.581796497	52.26520515323629	-114.59439385871498	5	0.002609443084	765.1783931853399	0.0	0.0	0.0	0.0	0.0	0.1594133209200346	0.0	0.0	0.0	0.0	0.0	0.0	0.0	0.0	0.0	0.0	0.8405866790799654	0.0	0.0
71032089	71028867	29806219.234199427	51.52870420339383	-114.51867467170356	5	0.011040316984	3600.783215522345	0.0	0.0	0.0	0.0	0.0	0.1714776000586635	0.0	0.1175724805752443	0.0	0.0	0.0	0.0	0.0	0.0	0.0	0.0	0.7109499193660921	0.0	0.0
71026193	71024386	29827337.628666785	52.6107656195156	-114.42299271674273	5	0.004087087053	2612.8517651263683	0.0	0.0	0.0	0.0	0.0	0.0645896340110148	0.0	0.0	0.0	0.0	0.0	0.0	0.0	0.0	0.0	0.0633178132999998	0.8720925526889852	0.0	0.0
71039048	71035979	30339439.453676764	50.91252895176702	-115.46504357688637	5	0.036307848787	3473.762210447036	0.0	0.5120983499307847	0.0	0.0	0.0	0.0	0.0	0.1732794546066461	0.3146221954625691	0.0	0.0	0.0	0.0	0.0	0.0	0.0	0.0	0.0	0.0
71031654	71028957	30424569.612252466	51.452937628714444	-116.11320667843498	5	0.036514280395	2762.866767676687	0.0	0.3136060981091866	0.0	0.0	0.0	0.0886333104135326	0.0	0.1355374106570235	0.4622231808202572	0.0	0.0	0.0	0.0	0.0	0.0	0.0	0.0	0.0	0.0
71031643	71029016	30687636.424888916	51.396483558203364	-116.254430231879	5	0.056912746455	3493.652183263622	0.0	0.540049080081356	0.0	0.0	0.0	0.0	0.1227982590912088	0.0556885358202268	0.2814641250072083	0.0	0.0	0.0	0.0	0.0	0.0	0.0	0.0	0.0	0.0
71032379	71028795	31030112.334114052	51.63756938458884	-114.28055148537604	5	0.004559772563	2715.064998233987	0.0	0.0	0.0	0.0	0.0	0.0	0.0	0.0	0.0	0.0	0.0	0.0	0.0	0.0	0.0	0.0	1.0	0.0	0.0
71031068	71027979	31154642.73409916	51.26951843198337	-114.65581833391026	5	0.017833604918	3358.448737657949	0.0	0.0	0.0	0.0	0.0	0.4333111865010932	0.0	0.3186175100577492	0.1684279852141212	0.0	0.0	0.0	0.0	0.0	0.0	0.0	0.0796433182270363	0.0	0.0
71025568	71024082	31548492.136982605	52.42038285285792	-114.59662792312402	5	0.009681973872	1216.527749396043	0.0	0.0	0.0	0.0	0.0	0.0678441394005704	0.0	0.0	0.0	0.0	0.0	0.0	0.0	0.0	0.0	0.0	0.9321558605994296	0.0	0.0
71030527	71030071	31641691.41559931	51.03585973625619	-115.66737554946616	5	0.046683676899	3056.158381507334	0.0	0.4753071766557844	0.0	0.0	0.0	0.0	0.0	0.0768499098725057	0.4478429134717099	0.0	0.0	0.0	0.0	0.0	0.0	0.0	0.0	0.0	0.0
71030703	71029879	31689694.057783842	51.11689754751343	-114.71804867986793	5	0.004800462497	5990.830431903237	0.0	0.0	0.0	0.0	0.0	0.6604892948187201	0.0	0.1617850874080859	0.1777256177731939	0.0	0.0	0.0	0.0	0.0	0.0	0.0	0.0	0.0	0.0
71031094	71029857	31697741.876133874	51.2558967160116	-115.61448599058491	5	0.05898310906	2188.585843157684	0.0	0.4361396742120088	0.0	0.0	0.0	0.0	0.0	0.0	0.5638603257879912	0.0	0.0	0.0	0.0	0.0	0.0	0.0	0.0	0.0	0.0
71030460	71028249	31880326.759239823	51.01167517006803	-114.99862896825411	5	0.023299843828	2430.133665897475	0.0	0.0	0.0	0.0	0.0	0.0842603701270789	0.0	0.0845166246091813	0.8312230052637397	0.0	0.0	0.0	0.0	0.0	0.0	0.0	0.0	0.0	0.0
71030626	71028054	32108049.753824964	51.11426734063458	-115.20293442853115	5	0.04091411885	4577.660081354641	0.0	0.3968434534962839	0.0	0.0	0.0	0.0	0.0	0.128219854971858	0.4749366915318581	0.0	0.0	0.0	0.0	0.0	0.0	0.0	0.0	0.0	0.0
71031855	71030292	32425270.391932804	51.4718134657837	-115.17500965783687	5	0.010866267939	4361.931360100024	0.0	0.0	0.0	0.0	0.0	0.0	0.0	0.2045161300785238	0.7954838699214761	0.0	0.0	0.0	0.0	0.0	0.0	0.0	0.0	0.0	0.0
71031155	71030189	32626833.711536087	51.28460212566772	-114.45649154689127	5	0.022659746868	3510.1202882921807	0.0	0.0	0.0	0.0	0.0	0.3794615355264593	0.0	0.2289570267560644	0.0	0.0	0.0	0.0	0.0	0.0	0.0	0.0	0.3915814377174763	0.0	0.0
71030831	71028023	32948563.37508954	51.172709631573234	-115.00440690936925	5	0.024975469634	1446.3452475033441	0.0	0.0	0.0	0.0	0.0	0.6934500364358814	0.0	0.0	0.3065499635641185	0.0	0.0	0.0	0.0	0.0	0.0	0.0	0.0	0.0	0.0
71025323	71023994	33221597.52064278	52.29837617687496	-114.14183645403551	5	0.004584478606	2918.6531094900083	0.0	0.0	0.2418150046208981	0.0	0.0815050467299814	0.0	0.0	0.0	0.0	0.0	0.0	0.0	0.0	0.0	0.0	0.0	0.6766799486491204	0.0	0.0
71032823	71029380	33448594.86963446	51.7753199404761	-114.79170865221064	5	0.004342271302	3287.056593120173	0.0	0.0	0.0	0.0	0.0	0.2711747737976213	0.0	0.1829435233880053	0.227779115164671	0.0	0.0	0.0	0.0	0.0	0.0	0.0	0.3181025876497024	0.0	0.0
71038127	71036211	33893606.542318225	50.576392611129094	-115.20302941018195	5	0.088978785252	4781.136697872286	0.0	0.6420254264793569	0.0	0.0	0.0	0.0	0.1705715361988683	0.0790797041865298	0.1083233331352449	0.0	0.0	0.0	0.0	0.0	0.0	0.0	0.0	0.0	0.0
71031502	71030243	34042381.08499213	51.375389933628455	-115.5256069584914	5	0.053960518968	2568.789514779739	0.0	0.6767738289128906	0.0	0.0	0.0	0.0	0.0	0.0804679342072612	0.2427582368798481	0.0	0.0	0.0	0.0	0.0	0.0	0.0	0.0	0.0	0.0
71032896	71030265	34128983.835376054	51.806771158650825	-114.95489004268148	5	0.005308390749	1956.4482402551998	0.0	0.0	0.0	0.0	0.0	0.6457735012946856	0.0	0.0807156021420258	0.1822845874562838	0.0	0.0	0.0	0.0	0.0	0.0	0.0	0.0	0.0	0.0912263091070046
71032618	71029715	34496753.49968404	51.75033745810777	-115.01358275328681	5	0.006701106363	2235.315421084405	0.0	0.0	0.0	0.0	0.0	0.282006487506083	0.0	0.1381443734481904	0.5272624454622963	0.0	0.0	0.0	0.0	0.0	0.0	0.0525866935834302	0.0	0.0	0.0
71024598	71024198	34663373.75744393	52.08959600203716	-114.39954278074852	5	0.002579987088	6692.046001295711	0.0	0.0	0.0	0.0	0.0	0.1207934256938833	0.0	0.0	0.0	0.0	0.0	0.0	0.0	0.0	0.0	0.0	0.8792065743061167	0.0	0.0
71032479	71028734	34727444.37439933	51.671375250115524	-114.69771753629894	5	0.005110983891	1718.8437066715342	0.0	0.0	0.0	0.0	0.0	0.4333531357936462	0.0	0.0	0.1473814981453085	0.0	0.0	0.0	0.0	0.0	0.0	0.0	0.3103829859154399	0.0	0.1088823801456053
71032269	71029766	34758985.775006644	51.61569232743131	-116.00469861431873	5	0.040261738851	2926.233728349152	0.0	0.740055249278006	0.0	0.0	0.0	0.0	0.0	0.0761253230243314	0.1838194276976625	0.0	0.0	0.0	0.0	0.0	0.0	0.0	0.0	0.0	0.0
71030749	71027942	34896482.80138626	51.1184109698755	-114.38155079315872	5	0.012569566134	5559.74269962272	0.0	0.0	0.1204606850567946	0.0	0.0	0.1047436098656185	0.0	0.3762779556888392	0.0	0.0	0.0	0.0	0.0	0.0	0.0	0.0	0.3985177493887475	0.0	0.0
71024483	71022209	35010688.96185982	52.0173012626262	-114.47455277777777	5	0.003651617713	5768.709518515577	0.0	0.0	0.0	0.0	0.0	0.2458922788467651	0.0	0.0619528104645946	0.0674954344047914	0.0	0.0	0.0	0.0	0.0	0.0	0.069904071547336	0.5547554047365127	0.0	0.0
71032233	71029646	35068629.39748372	51.581628487069814	-115.87163421400929	5	0.033470365023	5611.084387898629	0.0	0.6446998829704993	0.0	0.0	0.0	0.0	0.0	0.0733613232423272	0.2819387937871734	0.0	0.0	0.0	0.0	0.0	0.0	0.0	0.0	0.0	0.0
71026134	71024386	35159470.45942192	52.56055783276197	-114.38894581904908	5	0.00281769349	2371.763099631321	0.0	0.0	0.0	0.0	0.0	0.0	0.0	0.0	0.0	0.0	0.0	0.0	0.0	0.0	0.0	0.0	1.0	0.0	0.0
71032259	71028663	35225154.54149704	51.594003521305176	-115.29932803870913	5	0.01964250828	6725.388400878132	0.0	0.0	0.0	0.0	0.0	0.0	0.0	0.2797529213709208	0.7202470786290792	0.0	0.0	0.0	0.0	0.0	0.0	0.0	0.0	0.0	0.0
71030784	71030302	35486859.14400276	51.12454605497131	-115.90130455215166	5	0.038086101661	4505.681011392778	0.0	0.1790504576850398	0.0	0.0	0.0	0.0526579474882693	0.0	0.0718462663690744	0.6964453284576163	0.0	0.0	0.0	0.0	0.0	0.0	0.0	0.0	0.0	0.0
71030774	71028597	35558875.38356529	51.12230351891289	-115.59961679849917	5	0.038891121791	4778.277045966061	0.0	0.2118909469181161	0.0	0.0	0.0	0.0	0.0	0.0	0.7881090530818838	0.0	0.0	0.0	0.0	0.0	0.0	0.0	0.0	0.0	0.0
71031569	71030177	36118442.181256294	51.362215310885986	-115.76108350715124	5	0.032300776971	1893.0144727765742	0.0	0.4233057304533162	0.0	0.0	0.0	0.0576301077269921	0.0	0.0872320494084937	0.4318321124111978	0.0	0.0	0.0	0.0	0.0	0.0	0.0	0.0	0.0	0.0
71030563	71029963	36321534.7823274	51.059644224077914	-115.72337024058064	5	0.039512875907	5278.338646215305	0.0	0.3532282004405023	0.0	0.0	0.0	0.0	0.0	0.2304164716111154	0.4163553279483822	0.0	0.0	0.0	0.0	0.0	0.0	0.0	0.0	0.0	0.0
71031524	71029803	36785284.68146083	51.35597110460861	-114.83114642770062	5	0.008157935145	5045.226214458639	0.0	0.0	0.0	0.0	0.0	0.5010091206289815	0.0	0.0	0.4425731545310314	0.0	0.0	0.0	0.0	0.0	0.0	0.0	0.0	0.0	0.0564177248399871
71032073	71030390	36816911.59551822	51.52517173997479	-116.01512124963588	5	0.043830033059	1089.105903752307	0.0	0.5338821326657921	0.0	0.0	0.0	0.0	0.0	0.0774009762604805	0.3887168910737273	0.0	0.0	0.0	0.0	0.0	0.0	0.0	0.0	0.0	0.0
71025911	71024292	37137680.89770556	52.50749058114347	-114.56954436281453	5	0.002886219761	5498.170870655461	0.0	0.0	0.0	0.0	0.0	0.2387513219237146	0.0	0.0	0.0810542193847313	0.0	0.0	0.0	0.0	0.0	0.0	0.0959159098268345	0.4829984043975417	0.0	0.1012801444671777
71031489	71029721	37195648.73608464	51.361018397955235	-115.19481445312482	5	0.012255970467	7662.685270873554	0.0	0.2507635464066584	0.0	0.0	0.0	0.0	0.0	0.0686674769514085	0.680568976641933	0.0	0.0	0.0	0.0	0.0	0.0	0.0	0.0	0.0	0.0
71033318	71022426	37360127.80108103	51.940755819466176	-113.96999158488595	5	0.002611201436	5202.030493286772	0.0	0.0	0.0	0.0	0.0	0.0768839850239302	0.0	0.0	0.0	0.0	0.0	0.0	0.0	0.0	0.0	0.0	0.9231160149760697	0.0	0.0
71031503	71028974	37456959.23043348	51.36395094095677	-116.23004728726731	5	0.056254854955	6210.650079558564	0.0	0.5884190952068853	0.0	0.0	0.0	0.0	0.0	0.0	0.4115809047931147	0.0	0.0	0.0	0.0	0.0	0.0	0.0	0.0	0.0	0.0
71025043	71023889	37798998.13588132	52.190003961041995	-114.39699380213447	5	0.004310335104	3149.983666983554	0.0	0.0	0.0669302938796311	0.0	0.0	0.054825328408247	0.0	0.0	0.0	0.0	0.0	0.0	0.0	0.0	0.0	0.0	0.8782443777121219	0.0	0.0
71032914	71030156	37833328.353986025	51.806210733906255	-115.06132295628501	5	0.011285078496	3097.306107237288	0.0	0.0	0.0	0.0	0.0	0.339028562360475	0.0	0.1108147521840485	0.5501566854554765	0.0	0.0	0.0	0.0	0.0	0.0	0.0	0.0	0.0	0.0
71031267	71030313	38054475.78402456	51.3112219233673	-114.42756818610789	5	0.00227273274	4436.082416827278	0.0	0.0	0.0	0.0	0.0	0.3639659035839992	0.0	0.2181046138628881	0.0	0.0	0.0	0.0	0.0	0.0	0.0	0.0	0.4179294825531126	0.0	0.0
71038946	71035337	38354132.37213324	50.851728605200954	-115.23072115839254	5	0.06819602573	2346.143451921288	0.0	0.3997559668464436	0.0	0.0	0.0	0.0968091738635003	0.0	0.1302724727025431	0.3731623865875129	0.0	0.0	0.0	0.0	0.0	0.0	0.0	0.0	0.0	0.0
71031303	71030314	38485635.86558062	51.31748763704225	-114.5558542104037	5	0.001354422954	4865.990592438045	0.0	0.0	0.0	0.0	0.0	0.5287454830995836	0.0	0.3019589468798468	0.0	0.0	0.0	0.0	0.0	0.0	0.0	0.0	0.1692955700205695	0.0	0.0
71032380	71029158	38725742.28190121	51.65858748676888	-115.52271238897329	5	0.031485643376	4890.9920149967575	0.0	0.0696227404111133	0.0	0.0	0.0	0.1276349659200153	0.0	0.3025863889445641	0.5001559047243073	0.0	0.0	0.0	0.0	0.0	0.0	0.0	0.0	0.0	0.0
71025044	71024229	38877402.728240654	52.21394805959333	-114.49080865371552	5	0.005361021222	7094.893422920853	0.0	0.0	0.0	0.0	0.0	0.2384074992771066	0.0	0.0	0.0	0.0	0.0	0.0	0.0	0.0	0.0	0.0	0.7615925007228934	0.0	0.0
71025693	71022911	38946229.17146732	52.43143038686457	-114.45810166441751	5	0.00304796623	5173.439717738141	0.0	0.0	0.0	0.0	0.0828309216062087	0.1157325388476105	0.0	0.0	0.0	0.0	0.0	0.0	0.0	0.0	0.0	0.0	0.7294043461469173	0.0	0.0720321933992633
71038961	71036389	39390349.7611752	50.86819710985321	-115.58818100234718	5	0.007589185398	5771.879808881305	0.0	0.355756350883025	0.0	0.0	0.0803824303949875	0.0	0.1425280008284406	0.1135631807030025	0.3077700371905441	0.0	0.0	0.0	0.0	0.0	0.0	0.0	0.0	0.0	0.0
71025142	71024229	40322232.60619152	52.25760653842808	-114.48982127279073	5	0.005353032621	1771.28793285784	0.0	0.0	0.0	0.0	0.0	0.1337544245166822	0.0	0.0	0.0	0.0	0.0	0.0	0.0	0.0	0.0	0.0	0.8662455754833177	0.0	0.0
71033313	71022365	40629780.061192855	51.96248104575156	-114.32171960784305	5	0.001579794474	10865.200333720619	0.0	0.0	0.0	0.0	0.0	0.1216211241540395	0.0	0.0	0.0	0.0	0.0	0.0	0.0	0.0	0.0	0.0	0.8783788758459605	0.0	0.0
71032117	71030057	40667200.66965056	51.57337559272924	-115.7887296935371	5	0.03772944365	3236.154386047843	0.0	0.3118261100245955	0.0	0.0	0.0	0.1608656581457417	0.0	0.1933318309360011	0.3339764008936616	0.0	0.0	0.0	0.0	0.0	0.0	0.0	0.0	0.0	0.0
71022435	71022305	40980774.356274314	51.95022286319256	-114.16666072508852	5	0.004672147363	6112.651786824234	0.0	0.0	0.0	0.0	0.0968354933474702	0.1691063904051831	0.0	0.0610248124302652	0.0879493186091567	0.0	0.0	0.0	0.0	0.0	0.0	0.0	0.5850839852079245	0.0	0.0
71033026	71029150	41244659.865201816	51.87025935483868	-115.190104623656	5	0.008567484821	5684.335503502365	0.0	0.0	0.0	0.0	0.0	0.3659962293606641	0.0	0.1939704523640717	0.4400333182752641	0.0	0.0	0.0	0.0	0.0	0.0	0.0	0.0	0.0	0.0
71032649	71028675	41657762.68527935	51.726711521209914	-114.42950991071825	5	0.007202206595	6431.587688070346	0.0	0.0	0.0566428272927849	0.0	0.0	0.09954904867101	0.0	0.0	0.0	0.0	0.0	0.0	0.0	0.0	0.0	0.0	0.843808124036205	0.0	0.0
71039109	71036389	41987610.60180927	50.93167151726811	-115.55451752683983	5	0.017588281474	6307.483695497425	0.0	0.4910147956152815	0.0	0.0	0.0	0.08464023409961	0.0	0.1600798095961827	0.2642651606889257	0.0	0.0	0.0	0.0	0.0	0.0	0.0	0.0	0.0	0.0
71025201	71023606	42610770.088480465	52.264650344599914	-114.04753662663538	5	0.000351384842	2841.055180482651	0.0	0.0	0.0	0.0	0.1906357716839012	0.0	0.0	0.0	0.0	0.0	0.0	0.0	0.0	0.0	0.0	0.0	0.8093642283160989	0.0	0.0
71031276	71030313	42897184.22567618	51.31736721496736	-114.35050811987271	5	0.009756370192	3644.107241901458	0.0	0.0	0.0	0.0	0.0599978678001888	0.2744141931250318	0.0	0.2679038206125953	0.0	0.0	0.0	0.0	0.0	0.0	0.0	0.0	0.397684118462184	0.0	0.0
71024448	71022242	42987179.2053112	52.007937751995364	-114.69548074549495	5	0.007948850843	10564.405082742225	0.0	0.0	0.0	0.0	0.0	0.4136105957948843	0.0	0.0	0.0672937773349666	0.0	0.0	0.0	0.0	0.0	0.0	0.0	0.4237114144375882	0.0	0.0953842124325609
71032859	71030156	42990291.85562116	51.79126085069443	-115.13815197172627	5	0.008163146326	7972.419160835602	0.0	0.0	0.0	0.0	0.0	0.3041247589784979	0.0	0.2748696625005979	0.360261912598444	0.0	0.0	0.0	0.0	0.0	0.0	0.0607436659224601	0.0	0.0	0.0
71031397	71029448	43028396.67837403	51.321087954270496	-115.64915404514532	5	0.051078977329	2921.848670164045	0.0	0.3122798327212884	0.0	0.0	0.0	0.0	0.0	0.067043431310803	0.6206767359679085	0.0	0.0	0.0	0.0	0.0	0.0	0.0	0.0	0.0	0.0
71032602	71029335	43042839.828802116	51.71854970433784	-115.90190764173198	5	0.046491058285	7311.011151311854	0.0	0.442550243678387	0.0	0.0	0.0	0.1014027477680683	0.0	0.2377696474845663	0.2182773610689782	0.0	0.0	0.0	0.0	0.0	0.0	0.0	0.0	0.0	0.0
71031611	71029863	43292818.38280154	51.38960973084892	-114.89335372670816	5	0.012490278834	3770.272853939221	0.0	0.0	0.0	0.0	0.0	0.2854557597679558	0.0	0.0	0.7145442402320442	0.0	0.0	0.0	0.0	0.0	0.0	0.0	0.0	0.0	0.0
71032024	71029134	43379253.70821864	51.54895642863033	-114.7545984680012	5	0.01244441073	8373.129969615915	0.0	0.0	0.0	0.0	0.0	0.4308858373311096	0.0	0.0	0.4823798275210647	0.0	0.0	0.0	0.0	0.0	0.0	0.0	0.0	0.0	0.0867343351478255
71031986	71030035	43538771.51929371	51.49929164099408	-115.73085838981305	5	0.030091533673	2765.371420056252	0.0	0.2579022648923385	0.0	0.0	0.0	0.0804837415735195	0.0	0.115013605592829	0.5466003879413129	0.0	0.0	0.0	0.0	0.0	0.0	0.0	0.0	0.0	0.0
71031785	71030292	43785910.54660899	51.442414427677605	-115.16001042816836	5	0.01265894751	3793.1205977620566	0.0	0.0	0.0	0.0	0.0	0.0843651546503304	0.0	0.0	0.9156348453496694	0.0	0.0	0.0	0.0	0.0	0.0	0.0	0.0	0.0	0.0
71025869	71022945	43858472.25958722	52.492061692197275	-114.36336853757791	5	0.005164639677	1565.63172483586	0.0	0.0	0.0706194369203493	0.0	0.0	0.0717021752595427	0.0	0.0	0.0	0.0	0.0	0.0	0.0	0.0	0.0	0.0	0.8576783878201079	0.0	0.0
71038826	71036324	43979909.7611791	50.80445063562826	-115.49781131335642	5	0.021634724453	1011.057337865163	0.0	0.4569961377076724	0.0	0.0	0.0	0.0525502604148283	0.0	0.1215078452047195	0.3689457566727797	0.0	0.0	0.0	0.0	0.0	0.0	0.0	0.0	0.0	0.0
71031975	71029770	44333118.420900784	51.53239105897526	-114.82238511307287	5	0.012135868232	4938.4682363060165	0.0	0.0	0.0	0.0	0.0	0.4070758517659724	0.0	0.0759372149773746	0.516986933256653	0.0	0.0	0.0	0.0	0.0	0.0	0.0	0.0	0.0	0.0
71032109	71029028	44485465.384075016	51.56334557790358	-114.67939088281344	5	0.013468939437	3120.9895651905326	0.0	0.0	0.0	0.0	0.0	0.4366418852529925	0.0	0.0	0.3195770486971019	0.0	0.0	0.0	0.0	0.0	0.0	0.0	0.1247520775108294	0.0	0.1190289885390763
71028380	71028215	44632308.74851166	50.98903135634412	-114.86076952681883	5	0.022232799486	5868.427904093081	0.0	0.0	0.0	0.0	0.0	0.1297112498301619	0.0	0.1019987397976696	0.7682900103721684	0.0	0.0	0.0	0.0	0.0	0.0	0.0	0.0	0.0	0.0
71024720	71024198	44811051.23170679	52.12661795386559	-114.38474305227518	5	0.002750738528	8020.619523765202	0.0	0.0	0.0	0.0	0.0	0.1521540451682345	0.0	0.0	0.0	0.0	0.0	0.0	0.0	0.0	0.0	0.0565000286358068	0.7913459261959587	0.0	0.0
71031965	71028963	44904476.14375422	51.48527110473679	-114.60449374526905	5	0.020111777023	2761.34176633574	0.0	0.0	0.0	0.0	0.0	0.4678669609834509	0.0	0.0938125621710342	0.2378918307478807	0.0	0.0	0.0	0.0	0.0	0.0	0.0	0.2004286460976341	0.0	0.0
71030906	71028014	45351019.153456144	51.21485894536367	-114.93810151569274	5	0.018283845575	4699.252318382053	0.0	0.0	0.0	0.0	0.0	0.4351324753877217	0.0	0.1430500873382638	0.4218174372740144	0.0	0.0	0.0	0.0	0.0	0.0	0.0	0.0	0.0	0.0
71032287	71029490	45908016.96492525	51.63016266557897	-115.67918667210498	5	0.040569729676	5685.90490093363	0.0	0.503132530464226	0.0	0.0	0.0	0.0	0.0	0.1591250427515651	0.3377424267842089	0.0	0.0	0.0	0.0	0.0	0.0	0.0	0.0	0.0	0.0
71031077	71029639	46396233.37382943	51.20608237324954	-115.05912729353336	5	0.019057269811	1912.6409110099241	0.0	0.0	0.0	0.0	0.0	0.2785922073777089	0.0	0.0	0.721407792622291	0.0	0.0	0.0	0.0	0.0	0.0	0.0	0.0	0.0	0.0
71032580	71029203	46899945.66533943	51.7219128529144	-115.80922282938681	5	0.041377741501	5792.701031978831	0.0	0.5493838285538863	0.0	0.0	0.0	0.0872420938919337	0.0	0.1478730535660335	0.2155010239881464	0.0	0.0	0.0	0.0	0.0	0.0	0.0	0.0	0.0	0.0
71031769	71029800	46927272.46548165	51.44883712944949	-115.69025065812066	5	0.030758448691	6579.755299307562	0.0	0.2303748893617234	0.0	0.0	0.0	0.086485942901303	0.0	0.1418939209397829	0.5412452467971905	0.0	0.0	0.0	0.0	0.0	0.0	0.0	0.0	0.0	0.0
71031478	71029391	47141563.44260731	51.35978472222231	-115.0901233828006	5	0.011651329735	6774.985182588799	0.0	0.0	0.0	0.0	0.0	0.1175990742623019	0.0	0.0766689947191345	0.8057319310185634	0.0	0.0	0.0	0.0	0.0	0.0	0.0	0.0	0.0	0.0
71032531	71029602	47463273.07645267	51.68329374014866	-115.04926743226004	5	0.008049445476	10415.72574634414	0.0	0.0	0.0	0.0	0.0	0.3695146892954223	0.0	0.1040831203519823	0.5264021903525953	0.0	0.0	0.0	0.0	0.0	0.0	0.0	0.0	0.0	0.0
71032492	71028526	47713516.87851287	51.673896792502156	-114.79035659609423	5	0.006118064328	7623.983160119096	0.0	0.0	0.0	0.0	0.0	0.4014750178718507	0.0	0.0	0.4141479334302211	0.0	0.0	0.0	0.0	0.0	0.0	0.0	0.0	0.0	0.184377048697928
71031719	71030191	47911608.808961794	51.44229575438209	-115.81591546137469	5	0.03123143607	4434.669916532575	0.0	0.6484035097959671	0.0	0.0	0.0	0.0	0.0	0.1025462965376393	0.2490501936663936	0.0	0.0	0.0	0.0	0.0	0.0	0.0	0.0	0.0	0.0
71032102	71030026	48068860.23941045	51.538594011375025	-116.09591279134612	5	0.022593361017	5344.64030281634	0.0	0.4593825697207416	0.0	0.0	0.0	0.0	0.0	0.072985543525401	0.4676318867538573	0.0	0.0	0.0	0.0	0.0	0.0	0.0	0.0	0.0	0.0
71031911	71029924	48417913.49255396	51.48190980305224	-115.36882801241566	5	0.017331044294	4219.346039580612	0.0	0.0	0.0	0.0	0.0	0.0	0.0	0.0	1.0	0.0	0.0	0.0	0.0	0.0	0.0	0.0	0.0	0.0	0.0
71024488	71022225	49388793.28086614	52.03927375201285	-114.57219377348356	5	0.006358827697	12482.582504686825	0.0	0.0	0.0	0.0	0.0	0.2398269812250577	0.0	0.0	0.1176945084582768	0.0	0.0	0.0	0.0	0.0	0.0	0.0891317248178103	0.5533467854988551	0.0	0.0
71025052	71024080	49476096.40247168	52.205596928606845	-114.61763061427835	5	0.000993480865	8342.228539695378	0.0	0.0	0.0	0.0	0.0	0.1601562730069459	0.0	0.0	0.0928988125916741	0.0	0.0	0.0	0.0	0.0	0.0	0.0863039475526979	0.6606409668486819	0.0	0.0
71033126	71022407	49827469.0641421	51.87152274911887	-114.1126142796111	5	0.007212760241	6148.039156661012	0.0	0.0	0.0748950201072111	0.0	0.0	0.0	0.0	0.0	0.0	0.0	0.0	0.0	0.0	0.0	0.0	0.0	0.9251049798927888	0.0	0.0
71031968	71030231	49836511.44578618	51.500249309218795	-115.62661005849209	5	0.04103481654	3564.3901886089393	0.0	0.3774893132947874	0.0	0.0	0.0	0.0594123906436379	0.0	0.1957365361270725	0.3673617599345022	0.0	0.0	0.0	0.0	0.0	0.0	0.0	0.0	0.0	0.0
71032377	71028835	50016961.47236223	51.649610196371945	-114.4203819630066	5	0.006941011713	4068.158417713808	0.0	0.0	0.0	0.0	0.0	0.0955194266312575	0.0	0.0	0.0	0.0	0.0	0.0	0.0	0.0	0.0	0.0	0.9044805733687424	0.0	0.0
71033183	71022407	50419168.61820548	51.908965759685124	-114.04111078886316	5	0.003757746798	7518.745615643635	0.0	0.0	0.0945468588503945	0.0	0.0676916241316027	0.0	0.0	0.0	0.0	0.0	0.0	0.0	0.0	0.0	0.0	0.0	0.8377615170180026	0.0	0.0
71030838	71030302	50691906.63107943	51.15346635743226	-115.96890550579374	5	0.022812893849	4563.218369373013	0.0	0.4304734176056138	0.0	0.0	0.0	0.0	0.0723031432157604	0.0	0.4972234391786257	0.0	0.0	0.0	0.0	0.0	0.0	0.0	0.0	0.0	0.0
71032422	71029778	50929338.97927326	51.67071036244054	-116.30432322278199	5	0.027085546987	4660.687602170951	0.0	0.6629622275917982	0.0	0.0	0.0	0.0	0.0	0.1119874860771899	0.2250502863310118	0.0	0.0	0.0	0.0	0.0	0.0	0.0	0.0	0.0	0.0
71032535	71028657	51116256.19028076	51.69955280941927	-115.2928965060787	5	0.016082892217	7773.273492349149	0.0	0.0	0.0	0.0	0.0	0.2731008819239752	0.0	0.2605387148558989	0.4663604032201257	0.0	0.0	0.0	0.0	0.0	0.0	0.0	0.0	0.0	0.0
71030835	71028027	51833001.41071386	51.152960857927496	-115.11947205130868	5	0.024141644272	9465.587500936232	0.0	0.3749268331386824	0.0	0.0	0.0	0.1670187261482645	0.0	0.0844197863389399	0.373634654374113	0.0	0.0	0.0	0.0	0.0	0.0	0.0	0.0	0.0	0.0
71039121	71035238	52094426.22560104	50.91734191956061	-115.21656716028774	5	0.02882909267	5537.01670029645	0.0	0.4889368311181253	0.0	0.0	0.0	0.0870571481035366	0.0	0.1052984908493394	0.3187075299289985	0.0	0.0	0.0	0.0	0.0	0.0	0.0	0.0	0.0	0.0
71038844	71035831	52683498.638775654	50.827716706271396	-115.32706753452486	5	0.018953752762	6914.691627980934	0.0	0.3340791586548211	0.0	0.0	0.0	0.0607657503289031	0.0	0.0792188584310211	0.5259362325852546	0.0	0.0	0.0	0.0	0.0	0.0	0.0	0.0	0.0	0.0
71033367	71022426	53038534.3768481	51.965258085511216	-113.91162052334711	5	0.000853376466	6082.238302610673	0.0	0.0	0.0	0.0	0.0	0.0	0.0	0.0	0.0	0.0	0.0	0.0	0.0	0.0	0.0	0.0	1.0	0.0	0.0
71033035	71028498	53073385.116539195	51.86727227904789	-114.70991768618799	5	0.009258499364	7888.019918781746	0.0	0.0	0.0	0.0	0.0	0.4529549922425182	0.0	0.0	0.0	0.0	0.0	0.0	0.0	0.0	0.0	0.0	0.5470450077574818	0.0	0.0
71025799	71024082	53503977.326680355	52.46292390628594	-114.60863535224644	5	0.005291727911	11471.898312524943	0.0	0.0	0.0	0.0	0.0	0.2300636049188992	0.0	0.0	0.0693255251110079	0.0	0.0	0.0	0.0	0.0	0.0	0.0	0.6360863996574962	0.0	0.0645244703125966
71026037	71024128	53987005.9687151	52.54936789979613	-114.76333924005594	5	0.003666124002	7354.4252006941415	0.0	0.0	0.0	0.0	0.0	0.1930146614376418	0.0	0.0	0.1150862200675184	0.0	0.0	0.0	0.0	0.0	0.0	0.0852193012502982	0.5351430618647643	0.0	0.071536755379777
71025440	71023674	53997590.50883186	52.35017040468064	-114.77815967820564	5	0.00062596599	6219.805762092652	0.0	0.0	0.0	0.0	0.0	0.1934537473560208	0.0	0.0	0.0	0.0	0.0	0.0	0.0	0.0	0.0	0.1168463790922663	0.6896998735517127	0.0	0.0
71030431	71028073	54398204.79394293	50.99675024925225	-115.24250199401787	5	0.035985238625	3422.178642470589	0.0	0.1754174088383996	0.0	0.0	0.0	0.0696482227891755	0.0	0.116706832668895	0.63822753570353	0.0	0.0	0.0	0.0	0.0	0.0	0.0	0.0	0.0	0.0
71031181	71027981	55251178.795898475	51.28316634146344	-114.72191382113824	5	0.012165485204	8010.375689115536	0.0	0.0	0.0	0.0	0.0	0.3337412291809506	0.0	0.211373611462857	0.4548851593561923	0.0	0.0	0.0	0.0	0.0	0.0	0.0	0.0	0.0	0.0
71032048	71029930	55322363.353932746	51.52477900552492	-114.9042151303675	5	0.005231277707	8321.832319032283	0.0	0.0	0.0	0.0	0.0	0.5004847122772239	0.0	0.0	0.499515287722776	0.0	0.0	0.0	0.0	0.0	0.0	0.0	0.0	0.0	0.0
71032090	71029064	55500189.17712997	51.55070039912458	-115.46081748100951	5	0.022829858011	9472.43124185812	0.0	0.3521587046034455	0.0	0.0	0.0	0.0	0.0	0.0787138993301219	0.5691273960664325	0.0	0.0	0.0	0.0	0.0	0.0	0.0	0.0	0.0	0.0
71032217	71029992	56835431.44744057	51.59767724817888	-116.22440490768652	5	0.017709585359	8122.008301256509	0.0	0.4739601590843587	0.0	0.0	0.0	0.0	0.0604617312636567	0.157443651586458	0.3081344580655266	0.0	0.0	0.0	0.0	0.0	0.0	0.0	0.0	0.0	0.0
71031642	71030243	57014545.36853978	51.41810669620408	-115.57491963612355	5	0.033134796257	6873.409422941549	0.0	0.697777648379144	0.0	0.0	0.0	0.0	0.0	0.1296918912990622	0.1725304603217937	0.0	0.0	0.0	0.0	0.0	0.0	0.0	0.0	0.0	0.0
71031561	71030191	57098140.45259838	51.38959075068289	-115.84578137264154	5	0.011560392825	6646.957168018336	0.0	0.6543578004739783	0.0	0.0	0.0	0.0	0.0	0.0974883073203597	0.248153892205662	0.0	0.0	0.0	0.0	0.0	0.0	0.0	0.0	0.0	0.0
71033120	71029057	57417527.51916797	51.89579542998301	-115.22003504708961	5	0.012459799681	17788.02384065793	0.0	0.0	0.0	0.0	0.0	0.1282024638622567	0.0	0.0907648172550609	0.7810327188826823	0.0	0.0	0.0	0.0	0.0	0.0	0.0	0.0	0.0	0.0
71031359	71028904	57980972.31752554	51.32445917703885	-116.18446057031402	5	0.037775430899	9302.115395811807	0.0	0.5250048683813373	0.0	0.0	0.0	0.0	0.0710140859809548	0.0	0.4039810456377078	0.0	0.0	0.0	0.0	0.0	0.0	0.0	0.0	0.0	0.0
71032200	71028893	58064259.884747066	51.57851789502811	-114.25812125265175	5	0.002078665543	4947.038816301637	0.0	0.0	0.0	0.0	0.0586580914167906	0.0558430982848384	0.0	0.0534535532550331	0.0	0.0	0.0	0.0	0.0	0.0	0.0	0.0	0.8320452570433378	0.0	0.0
71038637	71036324	58074005.509732224	50.76415141561077	-115.40712247770995	5	0.010743849184	9223.01628351266	0.0	0.2820762933308494	0.0	0.0	0.0	0.1272202003326677	0.0	0.1034940062576512	0.4872095000788316	0.0	0.0	0.0	0.0	0.0	0.0	0.0	0.0	0.0	0.0
71031529	71030308	58711631.21044485	51.39377320327286	-115.42111780240582	5	0.017146140873	4892.956557751121	0.0	0.7289062267185703	0.0	0.0	0.0	0.0	0.0	0.0	0.2710937732814297	0.0	0.0	0.0	0.0	0.0	0.0	0.0	0.0	0.0	0.0
71032972	71030202	58781382.30587972	51.848832955917864	-114.97119610507256	5	0.003801564998	6484.254258508325	0.0	0.0	0.0	0.0	0.0	0.5512407790263535	0.0	0.1103551547899324	0.1935256182762814	0.0	0.0	0.0	0.0	0.0	0.0	0.0544215459008694	0.0	0.0	0.0904569020065632
71032838	71028847	58807907.321404904	51.79529331339134	-115.52885665941507	5	0.026567560527	8887.657965095643	0.0	0.2655950431974853	0.0	0.0	0.0	0.0534382814192586	0.0	0.1584762288266469	0.5224904465566091	0.0	0.0	0.0	0.0	0.0	0.0	0.0	0.0	0.0	0.0
71033247	71028546	58860379.34678537	51.90288391458853	-114.40017633417646	5	0.005189622807	6944.215874982767	0.0	0.0	0.0574228742140129	0.0	0.0	0.1155566294621083	0.0	0.0	0.0	0.0	0.0	0.0	0.0	0.0	0.0	0.0	0.8270204963238786	0.0	0.0
71031279	71028968	59616502.96363845	51.30480418737761	-115.05879349299595	5	0.019438033144	9494.879585388726	0.0	0.0	0.0	0.0	0.0	0.3790620501863081	0.0	0.1132476529356862	0.5076902968780057	0.0	0.0	0.0	0.0	0.0	0.0	0.0	0.0	0.0	0.0
71038278	71035692	60468572.19733105	50.64291403096566	-115.05055703656843	5	0.026027907556	9764.677159008046	0.0	0.2651020168064844	0.0	0.0	0.0	0.0581859502103812	0.0	0.1019421925206995	0.5747698404624347	0.0	0.0	0.0	0.0	0.0	0.0	0.0	0.0	0.0	0.0
71030428	71028132	60589048.94713536	50.994761734252364	-114.67834653716459	5	0.007882331793	4696.432211492742	0.0	0.0	0.0	0.0	0.0	0.7820183140193441	0.0	0.0	0.2179816859806559	0.0	0.0	0.0	0.0	0.0	0.0	0.0	0.0	0.0	0.0
71031849	71030231	61204584.8841065	51.48050483790817	-115.54408094361135	5	0.024663580172	7290.077047823359	0.0	0.6965118451557349	0.0	0.0	0.0	0.0	0.0	0.0967992381181901	0.2066889167260748	0.0	0.0	0.0	0.0	0.0	0.0	0.0	0.0	0.0	0.0
71024474	71022253	61958059.42878683	52.01749229452049	-114.7724871575345	5	0.007560981847	13372.701864003802	0.0	0.0	0.0	0.0	0.0	0.4002440514094462	0.0	0.0	0.1538494636425809	0.0	0.0	0.0	0.0	0.0	0.0	0.0896404689116764	0.211069569386976	0.0	0.1451964466493202
71032795	71030265	62052530.353642255	51.76915040685368	-114.91116390178252	5	0.005808003044	6087.184350323422	0.0	0.0	0.0	0.0	0.0	0.5888344116713923	0.0	0.0619944764118938	0.2693024517952262	0.0	0.0	0.0	0.0	0.0	0.0	0.0	0.0	0.0	0.0798686601214877
71024996	71022647	62183472.15448619	52.20348695947676	-114.18533443774264	5	0.00107639278	7237.875298993731	0.0	0.0	0.0	0.0	0.0	0.0704090536713544	0.0	0.0	0.0	0.0	0.0	0.0	0.0	0.0	0.0	0.0	0.9295909463286456	0.0	0.0
71031922	71030057	62380276.16224746	51.50807320778517	-115.82450053028353	5	0.020027729532	9821.58706403756	0.0	0.5883332063138531	0.0	0.0	0.0	0.0	0.0	0.1188537289961943	0.2928130646899526	0.0	0.0	0.0	0.0	0.0	0.0	0.0	0.0	0.0	0.0
71026015	71024128	62882398.15564393	52.53473767233717	-114.83358183233275	5	0.00419856943	9676.874581410717	0.0	0.0	0.0	0.0	0.0	0.2164548526947828	0.0	0.0	0.2749058646197501	0.0	0.0	0.0	0.0	0.0	0.0	0.1117268446188421	0.3166993604940558	0.0	0.080213077572569
71030717	71028095	64243157.17899986	51.12212251971604	-115.30232795879995	5	0.043334793349	7973.679613053814	0.0	0.5143059785124939	0.1004144889336293	0.0	0.0	0.0	0.0	0.1036405415159857	0.281638991037891	0.0	0.0	0.0	0.0	0.0	0.0	0.0	0.0	0.0	0.0
71026036	71023895	64982043.50909205	52.551148664999666	-114.65808488612858	5	0.002948682635	12761.667813846138	0.0	0.0	0.0	0.0	0.0	0.2211080397037892	0.0	0.0	0.0726889861975201	0.0	0.0	0.0	0.0	0.0	0.0	0.0821144351510861	0.5236356674770652	0.0	0.1004528714705392
71031850	71030034	65036018.41428234	51.488733806419724	-115.92482114860951	5	0.01289041221	12908.67691750062	0.0	0.5135175811629731	0.0	0.0	0.0	0.0	0.1224251809063631	0.0754015400446404	0.2886556978860233	0.0	0.0	0.0	0.0	0.0	0.0	0.0	0.0	0.0	0.0
71031838	71030287	65100839.96473467	51.46184022049939	-116.01221626525908	5	0.039715167247	5463.742203729762	0.0	0.5443397362793673	0.0	0.0	0.0	0.0725533071784969	0.0	0.155213605435076	0.2278933511070597	0.0	0.0	0.0	0.0	0.0	0.0	0.0	0.0	0.0	0.0
71030950	71028140	65482776.34958542	51.183045083319556	-115.36799929879552	5	0.035465166443	11227.447194239	0.0	0.3139351758913694	0.0	0.0	0.0	0.0	0.0	0.2045230281574794	0.4815417959511512	0.0	0.0	0.0	0.0	0.0	0.0	0.0	0.0	0.0	0.0
71032409	71030270	65791372.03163639	51.66166883363126	-116.17610386532309	5	0.016693233524	6012.001960832327	0.0	0.5942441895335709	0.0	0.0	0.0	0.0632776267551434	0.0	0.1158837895420686	0.2265943941692169	0.0	0.0	0.0	0.0	0.0	0.0	0.0	0.0	0.0	0.0
71030690	71029798	65968963.82496796	51.106573299431254	-115.77731538440517	5	0.036291275138	7969.491235840515	0.0	0.2450663488006004	0.0	0.0	0.0	0.0580362875280215	0.0	0.2126059134436312	0.4842914502277466	0.0	0.0	0.0	0.0	0.0	0.0	0.0	0.0	0.0	0.0
71031931	71029334	66504981.169424795	51.500889332580535	-114.22852976766725	5	0.003392703535	10239.438984978256	0.0	0.0	0.0	0.0	0.0	0.0	0.0	0.0	0.0	0.0	0.0	0.0	0.0	0.0	0.0	0.0	1.0	0.0	0.0
71030660	71028007	67003674.087591976	51.10570311448495	-114.89519152601697	5	0.009524146592	14266.48043619816	0.0	0.0	0.0	0.0	0.0	0.5395054052896068	0.0	0.0743098003496514	0.3861847943607419	0.0	0.0	0.0	0.0	0.0	0.0	0.0	0.0	0.0	0.0
71026700	71023936	67598948.87967789	52.78582947679653	-114.68901426918617	5	0.002067522003	14145.092435651244	0.0	0.0	0.0	0.0	0.0	0.0855017062699312	0.0	0.0	0.4251306681830912	0.0	0.0	0.0	0.0	0.0	0.0	0.1543480829758136	0.0	0.0874088088057499	0.2476107337654139
71031863	71029930	69592039.65164284	51.48169957324289	-114.94178665998268	5	0.006958877727	12491.662511598193	0.0	0.0	0.0	0.0	0.0	0.3739518246430069	0.0	0.0	0.6260481753569931	0.0	0.0	0.0	0.0	0.0	0.0	0.0	0.0	0.0	0.0
71022444	71022165	69641424.21023259	51.988454204776446	-114.06065936229682	5	0.004277229641	10178.88335983022	0.0	0.0	0.0746610321936071	0.0	0.0	0.0	0.0	0.0	0.0	0.0	0.0	0.0	0.0	0.0	0.0	0.0	0.9253389678063928	0.0	0.0
71026196	71023895	70233253.91291448	52.601348094031096	-114.66791399532842	5	0.002543903572	15105.886149833774	0.0	0.0	0.0	0.0	0.0	0.255407753701359	0.0	0.0	0.0651642211433938	0.0	0.0	0.0	0.0	0.0	0.0	0.1040208876854657	0.338881894116001	0.0880273191038014	0.148497924249979
71024795	71023591	70531533.58377396	52.15553266601692	-114.50438610632081	5	0.002830549711	4937.567984096994	0.0	0.0	0.0	0.0	0.0	0.1761324408782096	0.0	0.0	0.0618871526940361	0.0	0.0	0.0	0.0	0.0	0.0	0.0939261216431867	0.6680542847845674	0.0	0.0
71031893	71029071	70709053.54766677	51.48127416375678	-116.31755357775405	5	0.0186258469	12772.482523959667	0.0	0.4149038932222759	0.0	0.0	0.0	0.0	0.1055112534618315	0.0	0.4795848533158926	0.0	0.0	0.0	0.0	0.0	0.0	0.0	0.0	0.0	0.0
71030474	71028221	70834874.54889277	51.04833753983426	-115.43294531548744	5	0.017583556162	11010.612266859844	0.0	0.315340617552629	0.0	0.0	0.0	0.0	0.0	0.0789151270880525	0.6057442553593185	0.0	0.0	0.0	0.0	0.0	0.0	0.0	0.0	0.0	0.0
71030390	71030034	8655609.38301598	51.54829824561405	-115.97674664602685	5	0.017327592985	3670.256123513943	0.0	0.3771305686297452	0.0	0.0	0.0	0.0	0.0	0.0833756940936787	0.539493737276576	0.0	0.0	0.0	0.0	0.0	0.0	0.0	0.0	0.0	0.0
71032185	71029528	71512957.92421554	51.59238669262257	-116.4137831935709	5	0.009547346554	9259.975525770156	0.0	0.4744962230063198	0.0	0.0	0.1031200367958118	0.0	0.2618593590810285	0.0	0.1605243811168397	0.0	0.0	0.0	0.0	0.0	0.0	0.0	0.0	0.0	0.0
71024862	71024080	73368256.49444258	52.154218566039496	-114.69770795790376	5	0.002618883225	10290.678162140423	0.0	0.0	0.0	0.0	0.0	0.1902789197109838	0.0	0.0	0.0	0.0	0.0	0.0	0.0	0.0	0.0	0.0	0.8097210802890162	0.0	0.0
71031739	71029863	73982258.99376212	51.43830767555009	-114.96593100234806	5	0.011410509125	13169.979208701418	0.0	0.0	0.0	0.0	0.0	0.200150763926992	0.0	0.0601363616134299	0.7397128744595781	0.0	0.0	0.0	0.0	0.0	0.0	0.0	0.0	0.0	0.0
71031594	71029721	74029090.77188557	51.39565028691801	-115.25463178857663	5	0.01591840546	15769.81638083682	0.0	0.5517318596039333	0.0	0.0	0.0	0.0	0.0	0.0	0.4482681403960666	0.0	0.0	0.0	0.0	0.0	0.0	0.0	0.0	0.0	0.0
71030588	71029879	74098936.27432886	51.08426389294755	-114.751588252484	5	0.007107101455	13973.92052848293	0.0	0.0	0.0	0.0	0.0	0.6396981658986208	0.0	0.0	0.3603018341013792	0.0	0.0	0.0	0.0	0.0	0.0	0.0	0.0	0.0	0.0
71032095	71028945	74353270.64968327	51.561070055967875	-114.43639979822733	5	0.005887719576	9898.708940687364	0.0	0.0	0.0	0.0	0.0	0.078709729881094	0.0	0.0	0.0	0.0	0.0	0.0	0.0	0.0	0.0	0.0	0.921290270118906	0.0	0.0
71030418	71030071	74488289.39730865	51.01642151868036	-115.59888355167413	5	0.01771530179	11047.626551802492	0.0	0.538638621684233	0.0	0.0	0.0	0.0	0.0	0.0930117058652061	0.3683496724505608	0.0	0.0	0.0	0.0	0.0	0.0	0.0	0.0	0.0	0.0
71024292	71022992	11593568.500348574	52.475385341183575	-114.48236903683572	5	0.003001177904	3923.348136004489	0.0	0.0	0.059796994770133	0.0	0.0	0.1003705347463806	0.0	0.0	0.0	0.0	0.0	0.0	0.0	0.0	0.0	0.0	0.8398324704834864	0.0	0.0
71024386	71023181	10318429.814348806	52.5622536820721	-114.44728288471296	5	0.002223661949	807.8709919492389	0.0	0.0	0.0545954290199607	0.0	0.0	0.0	0.0	0.0	0.0	0.0	0.0	0.0	0.0	0.0	0.0	0.0	0.9454045709800392	0.0	0.0
71038901	71035289	75470323.99086052	50.84678724196769	-115.06780513301146	5	0.032905347795	8958.73931027858	0.0	0.4452974569450333	0.0	0.0	0.0	0.0	0.0	0.1081417382530148	0.4465608048019517	0.0	0.0	0.0	0.0	0.0	0.0	0.0	0.0	0.0	0.0
71031120	71028740	77506581.97268143	51.24199997679701	-116.01904380713721	5	0.032416822502	9238.355620291102	0.0	0.2416606017816384	0.0	0.0	0.0	0.0	0.0	0.0	0.7583393982183616	0.0	0.0	0.0	0.0	0.0	0.0	0.0	0.0	0.0	0.0
71025298	71022693	77892034.18328576	52.29292845539462	-114.41194181219255	5	0.002530154994	16208.905917240085	0.0	0.0	0.0546985451429522	0.0	0.0	0.0723147239097297	0.0	0.0	0.0	0.0	0.0	0.0	0.0	0.0	0.0	0.0	0.8729867309473179	0.0	0.0
71038383	71036211	78640951.10039002	50.65407259465091	-115.25482181312964	5	0.015684118183	11230.827372329906	0.0	0.5606237439283404	0.0	0.0	0.0	0.0	0.0862013972420111	0.0945538936204283	0.2586209652092202	0.0	0.0	0.0	0.0	0.0	0.0	0.0	0.0	0.0	0.0
71026853	71023936	79273987.77797323	52.819921299947346	-114.61109216175953	5	0.002104655947	13045.294258102324	0.0	0.0	0.0	0.0	0.0	0.1535788088213414	0.0	0.0	0.3468404436127112	0.0	0.0	0.0	0.0	0.0	0.0	0.1399939618198687	0.0568867334557108	0.0	0.3027000522903676
71033362	71028490	79519377.21052553	51.976539916761304	-114.5842810086578	5	0.005609357935	14108.435853263294	0.0	0.0	0.0	0.0	0.0	0.3814048275970231	0.0	0.0	0.1320793202739831	0.0	0.0	0.0	0.0	0.0	0.0	0.0804845461208274	0.4060313060081663	0.0	0.0
71024843	71022661	80098192.48225106	52.13774834874509	-114.28849955966527	5	0.000747527255	5344.235454679608	0.0	0.0	0.0	0.0	0.0	0.0	0.0	0.0	0.0	0.0	0.0	0.0	0.0	0.0	0.0	0.0	1.0	0.0	0.0
71030156	71029225	186379.637173054	51.842571428571425	-115.10585714285716	5	0.007325717261	149.911704358669	0.0	0.0	0.0	0.0	0.0	0.2695964953454335	0.0	0.0	0.6719003070736348	0.0	0.0	0.0	0.0	0.0	0.0	0.0	0.0	0.0	0.0585031975809317
71030716	71028062	81569774.97662082	51.14293641324775	-114.64739764919047	5	0.007722131666	7486.568019213728	0.0	0.0	0.0	0.0	0.0	0.5863399435504214	0.0	0.2596049470931098	0.0	0.0	0.0	0.0	0.0	0.0	0.0	0.0	0.1540551093564686	0.0	0.0
71030314	71027963	18493206.279506873	51.24534106378842	-114.53078204006225	5	0.014448038846	9583.533913699821	0.0	0.0	0.0	0.0	0.0	0.437180324850046	0.0	0.4888804945290763	0.0	0.0	0.0	0.0	0.0	0.0	0.0	0.0	0.0739391806208775	0.0	0.0
71032804	71028531	83233270.89990397	51.824303688769426	-114.25724195681863	5	0.003079261642	18196.000157725513	0.0	0.0	0.0	0.0	0.0	0.0702682026554315	0.0	0.0	0.0	0.0	0.0	0.0	0.0	0.0	0.0	0.0	0.9297317973445683	0.0	0.0
71032802	71028865	83261578.78873132	51.77967406387444	-115.69121344092945	5	0.025217261812	18914.208755485615	0.0	0.2677346169335743	0.0	0.0	0.0	0.0724996261896545	0.0	0.2391805362754551	0.4205852206013159	0.0	0.0	0.0	0.0	0.0	0.0	0.0	0.0	0.0	0.0
71025125	71023982	88212369.44062243	52.2460997766344	-114.72414537712903	5	0.000781290422	14056.928565941016	0.0	0.0	0.0	0.0	0.0572898578515877	0.179880703337341	0.0	0.0	0.1012933304545249	0.0	0.0	0.0	0.0	0.0	0.0	0.1476506717300203	0.5138854366265259	0.0	0.0
71032574	71029520	88269264.26622286	51.693800942178164	-115.99448538312565	5	0.031977125012	12146.971032798345	0.0	0.6974006276808912	0.0	0.0	0.0	0.0	0.0	0.0886421238810106	0.2139572484380981	0.0	0.0	0.0	0.0	0.0	0.0	0.0	0.0	0.0	0.0
71032632	71029715	88769142.90226185	51.72799695293093	-115.12360005212128	5	0.009436867437	17249.290083178614	0.0	0.0	0.0	0.0	0.0	0.2301064327872172	0.0	0.1809112803028558	0.5889822869099269	0.0	0.0	0.0	0.0	0.0	0.0	0.0	0.0	0.0	0.0
71031870	71029924	89599251.06289662	51.490988051745816	-115.4298647960712	5	0.016701585059	12722.799806414712	0.0	0.3469972412723726	0.0	0.0	0.0	0.0	0.0	0.1077934659335517	0.5452092927940756	0.0	0.0	0.0	0.0	0.0	0.0	0.0	0.0	0.0	0.0
71024082	71023020	6064740.7306526685	52.396993350679345	-114.51444998554483	5	0.005796082419	3168.51694665448	0.0	0.0	0.0692108147621945	0.0	0.0	0.0988171420519537	0.0	0.0	0.0	0.0	0.0	0.0	0.0	0.0	0.0	0.0	0.8319720431858517	0.0	0.0
71030313	71030189	10606928.108712321	51.26527918996773	-114.35830537197067	5	0.000836654296	3222.597269463852	0.0	0.0	0.0	0.0	0.0	0.3125256125229052	0.0	0.4414978456200157	0.0	0.0	0.0	0.0	0.0	0.0	0.0	0.0	0.2459765418570789	0.0	0.0
71031431	71027969	92438247.52953528	51.308019825543006	-114.62780219139755	5	0.008287958953	17943.826663292763	0.0	0.0	0.0	0.0	0.0	0.4739521626143025	0.0	0.2892786924231761	0.1586263427205064	0.0	0.0	0.0	0.0	0.0	0.0	0.0	0.0781428022420149	0.0	0.0
71031296	71029857	93331417.50026856	51.27375469354751	-115.7018512313946	5	0.021036524936	15582.604994328385	0.0	0.4513204409755121	0.0	0.0	0.0	0.0	0.0	0.0868593806377705	0.4618201783867172	0.0	0.0	0.0	0.0	0.0	0.0	0.0	0.0	0.0	0.0
71026572	71023778	94027660.37218842	52.717849235439985	-114.68514995001641	5	0.00191075927	18439.44870645163	0.0	0.0	0.0	0.0	0.0	0.1248556230269932	0.0	0.0	0.2969772557649482	0.0	0.0	0.0	0.0	0.0	0.0	0.1491132579446451	0.1954106816442197	0.0590462919253899	0.1745968896938036
71030243	71029450	3649138.314104321	51.35330260570299	-115.58727630285142	5	0.022644244173	3456.573176036347	0.0	0.1290747557935145	0.0	0.0	0.0	0.0	0.0	0.1676334300144445	0.7032918141920409	0.0	0.0	0.0	0.0	0.0	0.0	0.0	0.0	0.0	0.0
71030265	71030202	2024175.907092828	51.828510964912276	-114.8848618421053	5	0.000495368	1612.6153112807128	0.0	0.0	0.0	0.0	0.0	0.8220343795569273	0.0	0.1779656204430727	0.0	0.0	0.0	0.0	0.0	0.0	0.0	0.0	0.0	0.0	0.0
71026344	71023778	98231624.11387798	52.647338134284674	-114.6633141650249	5	0.002127427158	17264.386232793866	0.0	0.0	0.0	0.0	0.0	0.1687009378556168	0.0	0.0	0.1424427303029615	0.0	0.0	0.0	0.0	0.0	0.0	0.1649234977067769	0.2856729481499452	0.0540918039247759	0.1841680820599235
71030944	71029639	98667055.94162121	51.20601045200837	-115.18750702272825	5	0.019777834041	18912.50084424746	0.0	0.555868522106274	0.0	0.0	0.0	0.0	0.0	0.1010641858263318	0.3430672920673942	0.0	0.0	0.0	0.0	0.0	0.0	0.0	0.0	0.0	0.0
71030057	71030035	160818.345510916	51.53886111111112	-115.73333333333333	5	0.02066423626	391.146221198283	0.0	0.0	0.0	0.0	0.0	0.0	0.0	0.307465096143844	0.6925349038561561	0.0	0.0	0.0	0.0	0.0	0.0	0.0	0.0	0.0	0.0
71030302	71030100	17094724.173106994	51.18994497103739	-115.90939494470764	5	0.021669112106	4305.904343671885	0.0	0.2236011452774503	0.0	0.0	0.0	0.0	0.0	0.0648145416469909	0.7115843130755588	0.0	0.0	0.0	0.0	0.0	0.0	0.0	0.0	0.0	0.0
71030191	71030177	349460.313440696	51.40402564102567	-115.76324358974361	5	0.014860183326	436.848959167207	0.0	0.0	0.0	0.0	0.0	0.0	0.0	0.0768630176791656	0.9231369823208344	0.0	0.0	0.0	0.0	0.0	0.0	0.0	0.0	0.0	0.0
71032842	71028524	105589891.67987393	51.843486938322606	-114.17089612016058	5	0.002604880561	23998.007649459825	0.0	0.0	0.1066072458710529	0.0	0.0	0.0	0.0	0.0	0.0	0.0	0.0	0.0	0.0	0.0	0.0	0.0	0.893392754128947	0.0	0.0
71031414	71029759	106400452.69887474	51.37691073866236	-114.42953949475054	5	0.007267633476	17143.304862544395	0.0	0.0	0.0	0.0	0.0	0.3613075505260064	0.0	0.317460091753699	0.0	0.0	0.0	0.0	0.0	0.0	0.0	0.0	0.3212323577202944	0.0	0.0
71032440	71029778	107012466.9866703	51.6657032004529	-116.44419530755665	5	0.009056937373	15094.828271665889	0.0	0.4778606984402744	0.0	0.0	0.0	0.0	0.1032561950631504	0.0663240369814622	0.3525590695151129	0.0	0.0	0.0	0.0	0.0	0.0	0.0	0.0	0.0	0.0
71028377	71028215	108357396.2207247	51.01538304064318	-114.91983530961794	5	0.014873255765	16308.764989270447	0.0	0.0	0.0	0.0	0.0	0.1753775965116796	0.0	0.1329347009930568	0.6916877024952636	0.0	0.0	0.0	0.0	0.0	0.0	0.0	0.0	0.0	0.0
71025547	71023994	109164968.05346806	52.3691923806311	-114.18969287883927	5	0.000164302716568	12172.653269399267	0.0	0.0	0.0	0.0	0.4030261982638863	0.0610607332861143	0.0	0.0	0.0	0.0	0.0	0.0	0.0	0.0	0.0	0.0	0.5359130684499993	0.0	0.0
71024229	71023889	30332616.79022525	52.24407763470794	-114.39293979467547	5	0.002613315006	7598.5818055222235	0.0	0.0	0.0684861950776229	0.0	0.0	0.0	0.0	0.0	0.0	0.0	0.0	0.0	0.0	0.0	0.0	0.0	0.9315138049223772	0.0	0.0
71031856	71029414	112013341.6771206	51.47793499616653	-115.26713265126828	5	0.014591669722	18038.86635412569	0.0	0.1125073677396543	0.0	0.0	0.0	0.0	0.0	0.101624310721898	0.7858683215384475	0.0	0.0	0.0	0.0	0.0	0.0	0.0	0.0	0.0	0.0
71032903	71022454	113581368.88491128	51.85043719433121	-114.51507359489992	5	0.003293909313	28859.887947078274	0.0	0.0	0.0	0.0	0.0	0.1550854063331359	0.0	0.0	0.0681632792367179	0.0	0.0	0.0	0.0	0.0	0.0	0.0	0.7767513144301462	0.0	0.0
71039266	71028311	113699175.9559948	50.936273065227454	-115.32342416137283	5	0.005843603004093	11978.910947744718	0.0	0.4621665918319224	0.0	0.0	0.1151426514135339	0.0	0.0	0.0938992903358699	0.3287914664186736	0.0	0.0	0.0	0.0	0.0	0.0	0.0	0.0	0.0	0.0
71030071	71029963	8020691.044098492	51.095951417004066	-115.65397885739998	5	0.026779576511	2532.554264649753	0.0	0.2836384943384274	0.0	0.0	0.0	0.0	0.0	0.0624397673717075	0.653921738289865	0.0	0.0	0.0	0.0	0.0	0.0	0.0	0.0	0.0	0.0
71036324	71036096	12370854.229210787	50.83247067018622	-115.4384774160433	5	0.012842538426	3967.241650241395	0.0	0.122970008360504	0.0	0.0	0.0	0.0	0.0	0.0	0.877029991639496	0.0	0.0	0.0	0.0	0.0	0.0	0.0	0.0	0.0	0.0
71030270	71030026	25139651.095073123	51.600547629188	-116.14307211811474	5	0.011248863873	6428.977562432082	0.0	0.421043617020297	0.0	0.0	0.0	0.0	0.0	0.0917294301275014	0.4872269528522015	0.0	0.0	0.0	0.0	0.0	0.0	0.0	0.0	0.0	0.0
71029863	71029803	1064127.0355969782	51.420643939393926	-114.84022306397306	5	0.005046015269	1107.359160197168	0.0	0.0	0.0	0.0	0.0	0.4340185438035405	0.0	0.0	0.5659814561964595	0.0	0.0	0.0	0.0	0.0	0.0	0.0	0.0	0.0	0.0
71033334	71028727	122139444.35731868	51.954415909189784	-114.91094746227091	5	0.003829195908	25441.38934495561	0.0	0.0	0.0	0.0	0.0	0.3300971054604366	0.0	0.0800377061738975	0.4724633219536865	0.0	0.0	0.0	0.0	0.0	0.0	0.1174018664119793	0.0	0.0	0.0
71022407	71022302	22151651.449787878	51.9642635658915	-114.12242907376337	5	0.003265239222	12263.367008530655	0.0	0.0	0.0	0.0	0.0	0.1055417932554222	0.0	0.0	0.0	0.0	0.0	0.0	0.0	0.0	0.0	0.0	0.8944582067445778	0.0	0.0
71031506	71028700	123101210.78710958	51.337355303825625	-115.87135055837435	5	0.02946192917	20734.91557234007	0.0	0.4814773882604615	0.0	0.0	0.0	0.0	0.0	0.0877430763142582	0.4307795354252803	0.0	0.0	0.0	0.0	0.0	0.0	0.0	0.0	0.0	0.0
71024198	71022635	44529923.459567815	52.06296679757233	-114.28399014240938	5	0.002854765206	17863.849612399794	0.0	0.0	0.0605022855295142	0.0	0.0	0.0521573661557869	0.0	0.0	0.0	0.0	0.0	0.0	0.0	0.0	0.0	0.0	0.8873403483146987	0.0	0.0
71029879	71028097	19229283.6486164	51.06914906599085	-114.60445109358884	5	0.005369641748	9312.525627325427	0.0	0.0	0.0	0.0	0.0	0.4782888758175246	0.0	0.1781179416399489	0.0768740791708439	0.0	0.0	0.0	0.0	0.0	0.0	0.0	0.2667191033716826	0.0	0.0
71030287	71028852	32081967.51822735	51.4018479414558	-116.05402952349029	5	0.023103988467	12023.977754413163	0.0	0.2204872311070504	0.0	0.0	0.0	0.0	0.0	0.0652451764892219	0.7142675924037276	0.0	0.0	0.0	0.0	0.0	0.0	0.0	0.0	0.0	0.0
71036389	71036096	44730714.857222475	50.86259960684177	-115.50480666342422	5	0.008654774829	7068.537550060303	0.0	0.4059498719446852	0.0	0.0	0.0	0.0	0.0	0.1629461117750584	0.4311040162802563	0.0	0.0	0.0	0.0	0.0	0.0	0.0	0.0	0.0	0.0
71022426	71022160	35839673.295081295	52.02215295249369	-114.00125684475343	5	0.002904975071	15192.473048073914	0.0	0.0	0.1929770712979698	0.0	0.0	0.0890799091170255	0.0	0.0675514188935481	0.0	0.0	0.0	0.0	0.0	0.0	0.0	0.0	0.6503916006914566	0.0	0.0
71029715	71029602	3674716.1126876283	51.7055147771318	-114.9848376937984	5	0.004679877293	3114.689610186042	0.0	0.0	0.0	0.0	0.0	0.6933054508065307	0.0	0.0	0.3066945491934692	0.0	0.0	0.0	0.0	0.0	0.0	0.0	0.0	0.0	0.0
71029930	71029770	6414473.095394322	51.477505578800525	-114.82937796373767	5	0.004140898355	3399.023195176896	0.0	0.0	0.0	0.0	0.0	0.7474381233681585	0.0	0.0791477835941223	0.1734140930377191	0.0	0.0	0.0	0.0	0.0	0.0	0.0	0.0	0.0	0.0
71038722	71035771	133047404.2646822	50.75139123367757	-115.26096234223893	5	0.011431988309	19797.701904843238	0.0	0.4252938580002331	0.0	0.0	0.0	0.0	0.0	0.0817848460544271	0.4929212959453397	0.0	0.0	0.0	0.0	0.0	0.0	0.0	0.0	0.0	0.0
71032682	71029451	142082677.30756867	51.76305572242034	-115.31566463300165	5	0.009089799445	20678.24013369807	0.0	0.06330409952812	0.0	0.0	0.0	0.1876578472513062	0.0	0.1233414610971986	0.6256965921233751	0.0	0.0	0.0	0.0	0.0	0.0	0.0	0.0	0.0	0.0
71029639	71029042	3004409.310157505	51.25257031717532	-115.02819120287246	5	0.014658247166	2745.6548378668463	0.0	0.0	0.0	0.0	0.0636480260829198	0.0	0.0	0.0	0.93635197391708	0.0	0.0	0.0	0.0	0.0	0.0	0.0	0.0	0.0	0.0
71025086	71022639	148411749.3378761	52.19620776816533	-114.08111885435554	5	0.00118574271	26942.514985890994	0.0	0.0	0.0	0.0	0.0	0.0	0.0	0.0	0.0	0.0	0.0	0.0	0.0	0.0	0.0	0.0	1.0	0.0	0.0
71030100	71028676	19690203.68190655	51.19584339001653	-115.84550009142451	5	0.033148432237	7025.087080560407	0.0	0.3242134754964961	0.0	0.0	0.0	0.0	0.0	0.096876587928385	0.5789099365751189	0.0	0.0	0.0	0.0	0.0	0.0	0.0	0.0	0.0	0.0
71023982	71023674	32999312.299007487	52.2924143899451	-114.70942216541516	5	0.001161374556	8336.933440882387	0.0	0.0	0.0	0.0	0.0	0.1349999437780261	0.0	0.0	0.0642931843575055	0.0	0.0	0.0	0.0	0.0	0.0	0.0608740058648566	0.7398328659996116	0.0	0.0
71036211	71035946	38852678.491913825	50.621515407344795	-115.15954270437584	5	0.004437693153	6883.168013231032	0.0	0.2763817522681716	0.0	0.0	0.241052723149854	0.0	0.0	0.0905502210625999	0.3920153035193746	0.0	0.0	0.0	0.0	0.0	0.0	0.0	0.0	0.0	0.0
71029857	71028585	26894711.333089165	51.20475925182362	-115.57700428294181	5	0.017814940097	10522.294644293943	0.0	0.2041617273547381	0.1134732439382548	0.0	0.0	0.0	0.0	0.0963464572801788	0.586018571426828	0.0	0.0	0.0	0.0	0.0	0.0	0.0	0.0	0.0	0.0
71024080	71023591	37743519.87591869	52.136447995514345	-114.58644939725258	5	0.00089513942	13939.838840584278	0.0	0.0	0.0	0.0	0.0	0.2532792399021922	0.0	0.0	0.1145586678931888	0.0	0.0	0.0	0.0	0.0	0.0	0.0	0.632162092204619	0.0	0.0
71029721	71029391	50471486.42396038	51.41016473177829	-115.08932713814038	5	0.010947250635	10476.549756595923	0.0	0.0	0.0	0.0	0.0	0.0700596999901951	0.0	0.0	0.9299403000098048	0.0	0.0	0.0	0.0	0.0	0.0	0.0	0.0	0.0	0.0
71031177	71029118	164150245.94019976	51.25943801951571	-115.33246476328155	5	0.000146408756	23171.87769695053	0.0	0.4014140991876245	0.0	0.0	0.1465238791220898	0.0	0.0	0.093089826649716	0.3589721950405695	0.0	0.0	0.0	0.0	0.0	0.0	0.0	0.0	0.0	0.0
71029963	71029798	14547657.339155206	51.11326360480966	-115.67752107350933	5	0.022759365525	4112.361661665127	0.0	0.2370561400122219	0.0	0.0	0.0	0.0	0.0	0.0702903088765078	0.6926535511112702	0.0	0.0	0.0	0.0	0.0	0.0	0.0	0.0	0.0	0.0
71030026	71029992	519678.62627117	51.565446735395206	-116.15334192439855	5	0.006830405877	862.5130436667449	0.0	0.0	0.0	0.0	0.0	0.0	0.0	0.0	1.0	0.0	0.0	0.0	0.0	0.0	0.0	0.0	0.0	0.0	0.0
71030177	71029800	24336259.824496232	51.41861381036513	-115.72608049911656	5	0.010916415077	8302.127371293564	0.0	0.2982008017255848	0.0	0.0	0.0	0.0788768159049605	0.0	0.0728322564457737	0.5500901259236809	0.0	0.0	0.0	0.0	0.0	0.0	0.0	0.0	0.0	0.0
71030189	71027957	44600971.77958723	51.22016035338255	-114.4345469764815	5	0.00570536416	14013.591579176815	0.0	0.0	0.1598041680541827	0.0	0.0	0.3092473798412113	0.0	0.3850721678772972	0.0	0.0	0.0	0.0	0.0	0.0	0.0	0.0	0.1458762842273087	0.0	0.0
71030231	71029189	61711307.99660374	51.570827256944455	-115.55954333043975	5	0.013742227925	14124.605089217546	0.0	0.3473647037146672	0.0	0.0	0.0	0.0	0.0	0.072865024146601	0.5797702721387317	0.0	0.0	0.0	0.0	0.0	0.0	0.0	0.0	0.0	0.0
71024128	71023103	56061493.71777611	52.44231613397075	-114.67773010591436	5	0.002185637943	25668.80829200107	0.0	0.0	0.0652472791492316	0.0	0.0	0.1775392093057008	0.0	0.0	0.0	0.0	0.0	0.0	0.0	0.0	0.0	0.0	0.7572135115450677	0.0	0.0
71030034	71029766	36719026.00931329	51.56044518215868	-115.9207820176079	5	0.005373393866	6429.6818385452225	0.0	0.4453028385344918	0.0	0.0	0.0	0.0	0.0	0.0911741735924449	0.4635229878730633	0.0	0.0	0.0	0.0	0.0	0.0	0.0	0.0	0.0	0.0
71032973	71029451	173161342.7430949	51.833120969312866	-115.36935383408688	5	0.010544328585	24445.213554790673	0.0	0.0562549314420823	0.0	0.0	0.0	0.0690747948360485	0.0	0.0862710824608987	0.7883991912609704	0.0	0.0	0.0	0.0	0.0	0.0	0.0	0.0	0.0	0.0
71023895	71023104	38766345.274265386	52.54707336037859	-114.53828780707671	5	0.000977088208	12157.658269714913	0.0	0.0	0.0	0.0	0.0	0.1686482883432721	0.0	0.0	0.0	0.0	0.0	0.0	0.0	0.0	0.0	0.0710920338354689	0.6977418323633745	0.0	0.0625178454578843
71029602	71028558	523563.809859995	51.69416666666668	-114.9674574829932	5	0.013623040244	908.613188123375	0.0	0.0	0.0	0.0	0.0	0.3575933196691429	0.0	0.1723316931225736	0.1865277226920767	0.0	0.0	0.0	0.0	0.0	0.0	0.0	0.2835472645162067	0.0	0.0
71029924	71029414	43914577.13510021	51.544014504251585	-115.25851356849346	5	0.011929393461	13928.183927986614	0.0	0.0	0.0	0.0	0.0	0.0	0.0	0.1546874356694201	0.8453125643305799	0.0	0.0	0.0	0.0	0.0	0.0	0.0	0.0	0.0	0.0
71023994	71023606	46649372.06383143	52.31255093010996	-114.0359108111161	5	0.000558531553	10363.25106964337	0.0	0.0	0.1553232911640545	0.0	0.199683915757524	0.0528412456629279	0.0	0.0	0.0	0.0	0.0	0.0	0.0	0.0	0.0	0.0	0.5921515474154935	0.0	0.0
71029778	71029528	33231300.75101772	51.61169028829123	-116.31135193536274	5	0.009005042587	8218.827092159168	0.0	0.4600356381668164	0.0	0.0	0.0	0.0	0.0	0.0	0.5399643618331835	0.0	0.0	0.0	0.0	0.0	0.0	0.0	0.0	0.0	0.0
71023889	71022679	44067337.125752546	52.21042830316833	-114.31379260058338	5	0.001097177627	10645.316416235457	0.0	0.0	0.0602783474566865	0.0	0.0	0.0	0.0	0.0	0.0	0.0	0.0	0.0	0.0	0.0	0.0	0.0	0.9397216525433134	0.0	0.0
71025583	71023309	194627548.87514636	52.421452672284914	-114.80905148740374	5	0.001521102499	36484.16628101364	0.0	0.0	0.0	0.0	0.0	0.1651676730535476	0.0	0.0	0.0884349122561762	0.0	0.0	0.0	0.0	0.0	0.0	0.1233583135796316	0.6230391011106445	0.0	0.0
71023778	71023477	5501389.05293413	52.65504198352347	-114.54823669201524	5	0.000803407512561	2489.39668690044	0.0	0.0	0.0557505052621196	0.0	0.0	0.132234682623639	0.0	0.0	0.0	0.0	0.0	0.0	0.0	0.0	0.0	0.0	0.7225042051526578	0.0	0.0895106069615835
71029770	71029434	22169333.226528246	51.465290021797124	-114.78047368208605	5	0.006422873665	10349.88821904157	0.0	0.0	0.0	0.0	0.0	0.4536789932183711	0.0	0.1421551421219425	0.4041658646596863	0.0	0.0	0.0	0.0	0.0	0.0	0.0	0.0	0.0	0.0
71035946	71035771	24002525.053626217	50.6584803140646	-115.14405306478525	5	3.1312544e-05	6381.185385265727	0.0	0.1075481131382963	0.0	0.0	0.2182583940248721	0.0	0.0	0.0732551213669105	0.600938371469921	0.0	0.0	0.0	0.0	0.0	0.0	0.0	0.0	0.0	0.0
71029803	71029434	57768000.395343184	51.413016655811006	-114.78343491206856	5	0.003180373971	10230.482312467608	0.0	0.0	0.0	0.0	0.0	0.5326625167998871	0.0	0.0	0.467337483200113	0.0	0.0	0.0	0.0	0.0	0.0	0.0	0.0	0.0	0.0
71029759	71029334	87378793.09192327	51.456398858910596	-114.28348180812496	5	0.00353477855	16698.529887783254	0.0	0.0	0.0	0.0	0.0	0.0	0.0	0.0566968300415244	0.0	0.0	0.0	0.0	0.0	0.0	0.0	0.0	0.9433031699584756	0.0	0.0
71022409	71022253	221602657.8340116	52.01386514890365	-114.94995746752207	5	0.005010768137	45555.61247331747	0.0	0.0	0.0	0.0	0.0	0.2017287011806542	0.0	0.1028941234184179	0.4008996465399903	0.0	0.0	0.0	0.0	0.0	0.0	0.0747524299863263	0.2197250988746112	0.0	0.0
71029766	71029646	14550964.273533074	51.61624249111194	-115.93637029545174	5	0.011396607173	3934.970103050893	0.0	0.207840920123649	0.0	0.0	0.0	0.0	0.0	0.0	0.7921590798763509	0.0	0.0	0.0	0.0	0.0	0.0	0.0	0.0	0.0	0.0
71030035	71029490	77846903.21749708	51.57676196046063	-115.68053162698973	5	0.009731026093	13929.756300307072	0.0	0.2880455138620165	0.0	0.0	0.0	0.0	0.0	0.2490862170186137	0.4628682691193698	0.0	0.0	0.0	0.0	0.0	0.0	0.0	0.0	0.0	0.0
71030202	71029380	72519851.76477537	51.824495763853164	-114.81441453022846	5	0.002218539374	22361.847618725966	0.0	0.0	0.0	0.0	0.0	0.4805388923277928	0.0	0.1029568311404588	0.1227778290437198	0.0	0.0	0.0	0.0	0.0	0.0	0.0	0.2937264474880284	0.0	0.0
71023591	71022220	5146396.454069434	52.10256858710567	-114.51559670781897	5	0.000719325283	4024.122332046831	0.0	0.0	0.0	0.0	0.0	0.1104150030245949	0.0	0.0	0.0	0.0	0.0	0.0	0.0	0.0	0.0	0.0	0.889584996975405	0.0	0.0
71023936	71023477	92086193.2722572	52.707312393647214	-114.53470897145016	5	0.001107543277	15955.951873291886	0.0	0.0	0.0	0.0	0.0	0.1752283932129352	0.0	0.0	0.1351191261269818	0.0	0.0	0.0	0.0	0.0	0.0	0.1133533387064047	0.4553907400047697	0.0	0.1209084019489084
71029798	71028609	8979954.945136938	51.145288982540585	-115.67396698775835	5	0.015809440797	5772.68360687813	0.0	0.0958149705757631	0.0	0.0	0.0	0.0	0.0	0.0	0.9041850294242368	0.0	0.0	0.0	0.0	0.0	0.0	0.0	0.0	0.0	0.0
71028215	71028132	88150977.48971733	51.021610861722536	-114.75965528020335	5	0.005445717056	22140.85965270048	0.0	0.0	0.0	0.0	0.0	0.4842233424299936	0.0	0.0747993920958101	0.4409772654741962	0.0	0.0	0.0	0.0	0.0	0.0	0.0	0.0	0.0	0.0
71023674	71023309	38259985.42480769	52.33062726605157	-114.66984797374816	5	0.003153399732	11462.14325115163	0.0	0.0	0.0	0.0	0.0	0.0971506378788268	0.0	0.0	0.0	0.0	0.0	0.0	0.0	0.0	0.0	0.0	0.9028493621211732	0.0	0.0
71036096	71035979	6014838.225429659	50.86852923447861	-115.43191380349602	5	0.002816016398	2942.23641637506	0.0	0.1182407751758166	0.0	0.0	0.1477021408049968	0.0	0.0	0.1623980734346205	0.571659010584566	0.0	0.0	0.0	0.0	0.0	0.0	0.0	0.0	0.0	0.0
71023606	71022153	25501671.39969337	52.27466011720107	-113.9486258186831	5	0.00598676037	11784.022568348793	0.0	0.0	0.1170071912964865	0.0	0.1358479096547894	0.0621158330001807	0.0	0.0	0.0	0.0	0.0	0.0	0.0	0.0	0.0	0.0	0.6850290660485433	0.0	0.0
71029800	71029450	44937311.253997445	51.37974213949409	-115.65553627005023	5	0.00890867311	10814.427535074936	0.0	0.2306377888005808	0.0	0.0	0.0	0.0	0.0	0.1466781073784817	0.6226841038209374	0.0	0.0	0.0	0.0	0.0	0.0	0.0	0.0	0.0	0.0
71030292	71029212	183991968.45189878	51.55098443143428	-115.02941886092657	5	0.005978775146	31857.76502968371	0.0	0.0	0.0	0.0	0.0	0.2537840242100476	0.0	0.091812206728047	0.6544037690619053	0.0	0.0	0.0	0.0	0.0	0.0	0.0	0.0	0.0	0.0
71030308	71029042	178907814.8223032	51.30925145793808	-115.2533053790638	5	0.011360440492	39794.36478175528	0.0	0.4409524538659845	0.0	0.0	0.0	0.0	0.0	0.1221964150075675	0.4368511311264478	0.0	0.0	0.0	0.0	0.0	0.0	0.0	0.0	0.0	0.0
71029646	71029520	22393426.57735353	51.644237321869305	-115.93609903670088	5	0.009600529633	4461.290928077042	0.0	0.5354401444865332	0.0	0.0	0.0	0.0	0.0	0.0580172690423941	0.4065425864710727	0.0	0.0	0.0	0.0	0.0	0.0	0.0	0.0	0.0	0.0
71029380	71028505	21337900.040742077	51.785523280026624	-114.69759057970997	5	0.003765153001	7475.999679315707	0.0	0.0	0.2429906952429502	0.0	0.0	0.0723864363244155	0.0	0.2901399219851641	0.1126765911788463	0.0	0.0	0.0	0.0	0.0	0.0	0.0677631538836149	0.2140432013850086	0.0	0.0
71022253	71022248	4859513.243640985	52.06235368956743	-114.67076154125763	5	0.002872706637	3197.32814435596	0.0	0.0	0.0699434642885201	0.0	0.0	0.1603502083972416	0.0	0.0	0.1367521749495068	0.0	0.0	0.0	0.0	0.0	0.0	0.0	0.6329541523647314	0.0	0.0
71029334	71028975	7080351.792824125	51.54543086045923	-114.32236626293205	5	0.002197616259	3771.756769985823	0.0	0.0	0.0	0.0	0.0	0.0	0.0	0.0	0.0	0.0	0.0	0.0	0.0	0.0	0.0	0.0	1.0	0.0	0.0
71029992	71029022	80615628.48673709	51.51280034375685	-116.1791905633178	5	0.012642387939	19922.124667775206	0.0	0.2320412634228879	0.0	0.0	0.0	0.0	0.0	0.0936531975645061	0.6743055390126059	0.0	0.0	0.0	0.0	0.0	0.0	0.0	0.0	0.0	0.0
71029490	71029189	38321998.63403431	51.62990157755133	-115.56365861603612	5	0.010803036807	12259.999668192284	0.0	0.3906672883744619	0.0	0.0	0.0	0.0	0.0	0.0640311245116413	0.5453015871138968	0.0	0.0	0.0	0.0	0.0	0.0	0.0	0.0	0.0	0.0
71035979	71035831	32838508.730295736	50.850497017892685	-115.39125400375511	5	0.000150884005	3967.510954399827	0.0	0.1679730666201886	0.0	0.0	0.1605751488554894	0.0	0.0	0.0629994162957085	0.6084523682286134	0.0	0.0	0.0	0.0	0.0	0.0	0.0	0.0	0.0	0.0
71022248	71022242	3326963.396062574	52.07640392781319	-114.64986730360943	5	0.001369706675	1967.5181743790831	0.0	0.0	0.0	0.0	0.0	0.1236409979828835	0.0	0.0	0.0	0.0	0.0	0.0	0.0	0.0	0.0	0.0	0.8763590020171165	0.0	0.0
71029391	71028833	112313190.98152114	51.33890505408814	-114.94913079430505	5	0.00892829856	20102.61387502338	0.0	0.0	0.0	0.0	0.0	0.3985167389005468	0.0	0.1124122589760044	0.4890710021234487	0.0	0.0	0.0	0.0	0.0	0.0	0.0	0.0	0.0	0.0
71028132	71028097	25575769.97213665	51.03958262711868	-114.57824011299437	5	0.00379359695	11580.351895448235	0.0	0.0	0.0	0.0	0.0	0.5354059972634625	0.0	0.1942187512824223	0.2047835495847257	0.0	0.0	0.0	0.0	0.0	0.0	0.0	0.0655917018693893	0.0	0.0
71029451	71029225	14003260.54302732	51.831238430328334	-115.17187904146053	5	0.005966027275	9335.3593701047	0.0	0.0	0.0	0.0	0.0	0.4013740637733214	0.0	0.1244701362852983	0.4019380690017021	0.0	0.0	0.0	0.0	0.0	0.0	0.072217730939678	0.0	0.0	0.0
71031528	71028975	345500803.4534431	51.435961427816295	-114.52897793949961	5	0.005515016281	52456.89080808596	0.0	0.0	0.0	0.0	0.0	0.3187710012455155	0.0	0.1204642523624453	0.1654877318413714	0.0	0.0	0.0	0.0	0.0	0.0	0.0	0.3952770145506676	0.0	0.0
71029528	71029071	85562743.39216739	51.52335156054151	-116.28186915058075	5	0.008256229788	23135.12795438617	0.0	0.1398405835358443	0.0	0.0	0.0	0.0	0.0	0.0554386046207339	0.8047208118434217	0.0	0.0	0.0	0.0	0.0	0.0	0.0	0.0	0.0	0.0
71029450	71029448	10766.836448623999	51.34291666666667	-115.605	5	0.007551025267	92.662443658761	0.0	0.1180580109406117	0.0	0.0	0.0	0.0	0.0	0.8819419890593883	0.0	0.0	0.0	0.0	0.0	0.0	0.0	0.0	0.0	0.0	0.0
71035831	71028311	315305.022605674	50.88653735632184	-115.374841954023	5	0.000269665116	370.245494476543	0.0	0.0	0.0	0.0	0.8780529311494877	0.0	0.0	0.0	0.1219470688505123	0.0	0.0	0.0	0.0	0.0	0.0	0.0	0.0	0.0	0.0
71035771	71035692	28211035.264817517	50.718788113195394	-115.15902066009151	5	0.017492708987	3293.52249309191	0.0	0.164419905101819	0.0	0.0	0.0	0.0695877566359368	0.0	0.1071180131586599	0.6588743251035842	0.0	0.0	0.0	0.0	0.0	0.0	0.0	0.0	0.0	0.0
71029414	71028598	72098135.9854872	51.59481007723163	-115.16985890390626	5	0.00792037169	16539.723900099852	0.0	0.0	0.0	0.0	0.0	0.2037187546320594	0.0	0.182899085253198	0.6133821601147426	0.0	0.0	0.0	0.0	0.0	0.0	0.0	0.0	0.0	0.0
71022242	71022225	49506662.61598983	52.086462055561555	-114.60388912663633	5	0.003887056196	12401.416783481143	0.0	0.0	0.0	0.0	0.0	0.1453912217059642	0.0	0.0	0.1010150419095175	0.0	0.0	0.0	0.0	0.0	0.0	0.0814301983069414	0.6721635380775767	0.0	0.0
71029520	71029335	44411085.7990409	51.645630218368645	-115.86142812700717	5	0.006452602594	6340.839990321921	0.0	0.215312519116168	0.0	0.0	0.0	0.0751388307616573	0.0	0.1782067649815437	0.5313418851406309	0.0	0.0	0.0	0.0	0.0	0.0	0.0	0.0	0.0	0.0
71029042	71028968	3828442.933445924	51.26759272300472	-114.99645422535215	5	0.009068702249	4587.925254518356	0.0	0.0670472719773319	0.0	0.0	0.0779468415921874	0.1374014193105514	0.0	0.1411989801688196	0.5764054869511096	0.0	0.0	0.0	0.0	0.0	0.0	0.0	0.0	0.0	0.0
71029225	71029150	13337448.523601588	51.84942115768464	-115.11815435795081	5	0.003564693474	4734.592209292954	0.0	0.0	0.0	0.0	0.0	0.3444551403815822	0.0	0.0	0.5238331737831043	0.0	0.0	0.0	0.0	0.0	0.0	0.1317116858353134	0.0	0.0	0.0
71029071	71029022	9518970.433517711	51.44211625282167	-116.2007533860045	5	0.004859796328	3532.728002863371	0.0	0.0	0.134042723471027	0.0	0.0	0.0	0.0	0.0	0.865957276528973	0.0	0.0	0.0	0.0	0.0	0.0	0.0	0.0	0.0	0.0
71029212	71028734	146266926.40179023	51.620427093241794	-114.72102695665991	5	0.004112749872	41989.98698620896	0.0	0.0	0.0	0.0	0.0	0.3626452656406834	0.0	0.0	0.4392673702099982	0.0	0.0	0.0	0.0	0.0	0.0	0.0	0.1382241921249489	0.0	0.0598631720243694
71022225	71022220	5387770.797936809	52.07641510980004	-114.51291134054402	5	0.00137585153	3119.499812285028	0.0	0.0	0.0	0.0	0.0	0.1153754642746354	0.0	0.0	0.2747929566225029	0.0	0.0	0.0	0.0	0.0	0.0	0.2287626840425124	0.3810688950603493	0.0	0.0
71029434	71029134	57302504.68941309	51.480485356562944	-114.70963016735358	5	0.003772615304	14794.18105702751	0.0	0.0	0.0	0.0	0.0	0.4292966483894454	0.0	0.0756594936762364	0.4950438579343182	0.0	0.0	0.0	0.0	0.0	0.0	0.0	0.0	0.0	0.0
71028097	71028062	22857855.15805173	51.101528764204495	-114.56528428819452	5	0.002751609181	16254.938528019093	0.0	0.0	0.0639015927975664	0.0	0.0	0.4641006341356924	0.0	0.2682708995587985	0.0	0.0	0.0	0.0	0.0	0.0	0.0	0.0	0.2037268735079425	0.0	0.0
71029335	71029203	19996552.574943114	51.67057538091421	-115.81236389557152	5	0.007772851556	5146.892889887289	0.0	0.2580379911404366	0.0	0.0	0.0	0.0	0.0	0.1916104028262711	0.5503516060332921	0.0	0.0	0.0	0.0	0.0	0.0	0.0	0.0	0.0	0.0
71023477	71023181	43073636.805392474	52.62431316567451	-114.50267383469006	5	0.000496402712	16491.623950120324	0.0	0.0	0.0	0.0	0.0	0.083727654160708	0.0	0.0	0.0	0.0	0.0	0.0	0.0	0.0	0.0	0.0662839382640305	0.8499884075752614	0.0	0.0
71029150	71029057	18402580.365241595	51.88467452057442	-115.09206996241699	5	0.005672999707	5542.125894933598	0.0	0.0	0.0	0.0	0.0	0.4689446817956781	0.0	0.0	0.467543351225205	0.0	0.0	0.0	0.0	0.0	0.0	0.0	0.0	0.0	0.0635119669791167
71029448	71029118	91944843.34763835	51.304175505420375	-115.53958672721919	5	0.010144219572	16377.394357481367	0.0	0.3945003751549085	0.0	0.0	0.0	0.0	0.0	0.0708675966970717	0.5346320281480197	0.0	0.0	0.0	0.0	0.0	0.0	0.0	0.0	0.0	0.0
71029189	71029158	12066457.05785268	51.60110396332454	-115.48312518485656	5	0.008323996501	2241.4318997766613	0.0	0.3756070144634964	0.0	0.0	0.0	0.1122468746062803	0.0	0.0602420586095686	0.4519040523206545	0.0	0.0	0.0	0.0	0.0	0.0	0.0	0.0	0.0	0.0
71028734	71028681	32138794.054672386	51.71165545031582	-114.64330799268872	5	0.0028840002	11251.683373458967	0.0	0.0	0.0	0.0	0.0	0.2345734242981094	0.0	0.0940861776156711	0.1631015462898581	0.0	0.0	0.0	0.0	0.0	0.0	0.0	0.5082388517963613	0.0	0.0
71035692	71035360	86301558.00820592	50.76418450802077	-115.14060771125446	5	0.003511271989	21164.534742402968	0.0	0.2637937730619564	0.0	0.0	0.0	0.0794385124207028	0.0	0.1335516033927729	0.5232161111245678	0.0	0.0	0.0	0.0	0.0	0.0	0.0	0.0	0.0	0.0
71023309	71023103	88023062.25414263	52.3341990804461	-114.59981723615198	5	0.000465399014	13940.049181925357	0.0	0.0	0.0	0.0	0.0	0.120609637846723	0.0	0.0	0.0	0.0	0.0	0.0	0.0	0.0	0.0	0.0	0.8793903621532769	0.0	0.0
71028968	71028833	52540208.33432658	51.26378091963457	-114.92880546717284	5	0.007444178457	11485.540719986106	0.0	0.0	0.0	0.0	0.0	0.341059513984227	0.0	0.1490627382068376	0.5098777478089352	0.0	0.0	0.0	0.0	0.0	0.0	0.0	0.0	0.0	0.0
71028681	71028510	202768.772861097	51.74949561403508	-114.65519736842103	5	0.00594920295	621.254923395886	0.0	0.0	0.0	0.0	0.0	0.0	0.0	0.0	1.0	0.0	0.0	0.0	0.0	0.0	0.0	0.0	0.0	0.0	0.0
71029134	71029028	22047848.96127693	51.528392915045394	-114.64945849546051	5	0.003790338086	6899.661807418534	0.0	0.0	0.0	0.0	0.0	0.3515129318234618	0.0	0.0	0.4070553221187437	0.0	0.0	0.0	0.0	0.0	0.0	0.0	0.1514670689557463	0.0	0.089964677102048
71035360	71035337	2181458.8961561	50.853938071487946	-115.1756504571903	5	0.005980214132	1971.029472832824	0.0	0.0874740627192944	0.0	0.0	0.0	0.0548601230813752	0.0	0.1321143117486666	0.7255515024506636	0.0	0.0	0.0	0.0	0.0	0.0	0.0	0.0	0.0	0.0
71029158	71029064	20608775.06808217	51.604730086580105	-115.44226991341992	5	0.007447951275	4929.687323270426	0.0	0.215319691834833	0.0	0.0	0.0	0.0	0.0	0.0	0.7846803081651669	0.0	0.0	0.0	0.0	0.0	0.0	0.0	0.0	0.0	0.0
71023181	71023104	13162842.496445816	52.56611929405523	-114.49274217091286	5	0.000512520426	6818.515566010822	0.0	0.0	0.0	0.0	0.0	0.0	0.0	0.0	0.0	0.0	0.0	0.0	0.0	0.0	0.0	0.0	1.0	0.0	0.0
71029028	71028963	4904783.9502296215	51.54050364298726	-114.59648087431694	5	0.00248909292	4412.008263360969	0.0	0.0	0.0	0.0	0.0	0.2213148299532095	0.0	0.0878034655611996	0.3995274343323658	0.0	0.0	0.0	0.0	0.0	0.0	0.0	0.2913542701532249	0.0	0.0
71035337	71035289	18314453.019394852	50.873540924386376	-115.15831898258114	5	0.008938261537	5206.245389683324	0.0	0.2044971157225335	0.0	0.0	0.0	0.0790988058483752	0.0	0.0715971242643119	0.6448069541647793	0.0	0.0	0.0	0.0	0.0	0.0	0.0	0.0	0.0	0.0
71028062	71027962	44425000.39051932	51.144254391302596	-114.52829885197347	5	0.004495405238	15212.150321058127	0.0	0.0	0.0	0.0	0.0	0.457615475062038	0.0	0.3010141112942218	0.0	0.0	0.0	0.0	0.0	0.0	0.0	0.0	0.2413704136437403	0.0	0.0
71029203	71028961	99378833.04128413	51.68038803147632	-115.7200892216964	5	0.00533598441	15281.10358735512	0.0	0.4649095624110227	0.0	0.0	0.0	0.0	0.0	0.1038287363521016	0.4312617012368757	0.0	0.0	0.0	0.0	0.0	0.0	0.0	0.0	0.0	0.0
71028975	71028945	5079071.6271249065	51.56408403656824	-114.34056082981724	5	0.002579101747	3059.0888054679767	0.0	0.0	0.0	0.0	0.0	0.0	0.0	0.0	0.0	0.0	0.0	0.0	0.0	0.0	0.0	0.0	1.0	0.0	0.0
71028311	71028221	169444249.4348269	51.00226063602815	-115.4849700228295	5	0.007103661444	33431.018404610484	0.0	0.2956360145881447	0.0	0.0	0.0	0.0	0.0	0.1593491705694221	0.5450148148424332	0.0	0.0	0.0	0.0	0.0	0.0	0.0	0.0	0.0	0.0
71028963	71028867	26202412.15131504	51.558121506475786	-114.56271813224251	5	0.002778878654	8658.385203518423	0.0	0.0	0.0	0.0	0.0	0.2891310002022946	0.0	0.0928565292279373	0.095967239013516	0.0	0.0	0.0	0.0	0.0	0.0	0.0	0.5220452315562519	0.0	0.0
71029064	71028685	47326847.58127653	51.597987368024086	-115.35995220588235	5	0.008696201929	10800.67321435245	0.0	0.0	0.0	0.0	0.0	0.0	0.0	0.1038041744314378	0.8961958255685621	0.0	0.0	0.0	0.0	0.0	0.0	0.0	0.0	0.0	0.0
71029057	71028727	127381681.60515492	51.89601305552073	-114.90644122231953	5	0.003610658145	33724.9687495239	0.0	0.0	0.0	0.0	0.0	0.4091456059759061	0.0	0.0524213741347079	0.3089026701862971	0.0	0.0	0.0	0.0	0.0	0.0	0.0791395724843856	0.0813980089914423	0.0	0.0689927682272607
71035289	71035238	22382678.943275798	50.90623634377279	-115.13406267702518	5	0.008095123392	4898.592969449562	0.0	0.0764345014467317	0.0	0.0	0.0	0.2360966901578091	0.0	0.1094410566540427	0.5780277517414164	0.0	0.0	0.0	0.0	0.0	0.0	0.0	0.0	0.0	0.0
71028961	71028865	48036280.564381704	51.71262627385584	-115.61209560867164	5	0.006409870499	6738.435682811768	0.0	0.1857100349098523	0.0	0.0	0.0	0.0	0.0	0.1995802403063777	0.61470972478377	0.0	0.0	0.0	0.0	0.0	0.0	0.0	0.0	0.0	0.0
71029118	71028159	67882517.25755586	51.21920523218834	-115.48006480597978	5	0.008696666036	15222.705237194774	0.0	0.2501919590699759	0.0	0.0	0.0	0.0	0.0	0.1290611868481305	0.6207468540818935	0.0	0.0	0.0	0.0	0.0	0.0	0.0	0.0	0.0	0.0
71023103	71023020	21913211.112056393	52.36448014252546	-114.5345369925535	5	0.000689928989	5784.460098174113	0.0	0.0	0.0	0.0	0.0	0.116484984799414	0.0	0.0	0.0	0.0	0.0	0.0	0.0	0.0	0.0	0.0	0.883515015200586	0.0	0.0
71029022	71029016	139727.367688363	51.42278846153847	-116.18025641025638	5	0.006422613937	311.066868808836	0.0	0.0	0.6221884160641	0.0	0.0	0.0	0.0	0.0	0.3778115839359	0.0	0.0	0.0	0.0	0.0	0.0	0.0	0.0	0.0	0.0
71028945	71028893	12743352.959577817	51.59256337535013	-114.35045938375339	5	0.000951040626	5460.043280765683	0.0	0.0	0.0	0.0	0.0	0.1261042061490847	0.0	0.0	0.0	0.0	0.0	0.0	0.0	0.0	0.0	0.0	0.8738957938509152	0.0	0.0
71022220	71022209	39675477.10836414	52.06330828992477	-114.46301333422366	5	0.00048742959	10648.7347672181	0.0	0.0	0.0	0.0	0.0	0.1367409598556673	0.0	0.0	0.10974353947083	0.0	0.0	0.0	0.0	0.0	0.0	0.1095729165949644	0.6439425840785381	0.0	0.0
71028221	71028189	32712184.40999831	51.132241279550435	-115.52460144927551	5	0.010794503702	8992.856280558599	0.0	0.3072386290024889	0.0	0.0	0.0	0.0	0.0	0.0	0.692761370997511	0.0	0.0	0.0	0.0	0.0	0.0	0.0	0.0	0.0	0.0
71023104	71022992	20088606.250701405	52.52314686684064	-114.4630506962574	5	0.000262197386	10279.578032555602	0.0	0.0	0.0598076442201183	0.0	0.0	0.083122903355808	0.0	0.0	0.0	0.0	0.0	0.0	0.0	0.0	0.0	0.0	0.8570694524240736	0.0	0.0
71029016	71028974	8364503.786725496	51.40971990145674	-116.17702067266491	5	0.004952888078	2883.134709479906	0.0	0.0	0.1435885356571501	0.0	0.0	0.0	0.0	0.0	0.8564114643428499	0.0	0.0	0.0	0.0	0.0	0.0	0.0	0.0	0.0	0.0
71028867	71028722	96023286.19907604	51.62912255775946	-114.52271831587552	5	0.002188343797	22084.06634781803	0.0	0.0	0.0	0.0	0.0	0.2252325327439903	0.0	0.0553399842908204	0.0986415521522556	0.0	0.0	0.0	0.0	0.0	0.0	0.0	0.6207859308129335	0.0	0.0
71022209	71022198	11513646.84668933	52.04889234192758	-114.39410988336405	5	0.000242128081	7005.477400859661	0.0	0.0	0.0	0.0	0.0	0.0	0.0	0.0	0.1503867452501475	0.0	0.0	0.0	0.0	0.0	0.0	0.0	0.8496132547498525	0.0	0.0
71028865	71028847	16119530.121225573	51.736053532008825	-115.55827649006609	5	0.002226004217	2555.830094256831	0.0	0.0	0.0	0.0	0.0	0.1954828713448927	0.0	0.2205192640951096	0.5839978645599976	0.0	0.0	0.0	0.0	0.0	0.0	0.0	0.0	0.0	0.0
71028893	71028835	20323423.16092649	51.62053361418284	-114.36130748639616	5	0.001734748394	6849.441557736694	0.0	0.0	0.0	0.0	0.0	0.0915829100963089	0.0	0.0	0.0	0.0	0.0	0.0	0.0	0.0	0.0	0.0	0.9084170899036912	0.0	0.0
71028974	71028957	13984263.472768145	51.43795268280193	-116.1526981687797	5	0.004734730921	1580.2618176291362	0.0	0.0729338901485519	0.0	0.0	0.0	0.0	0.0	0.1109271663927701	0.8161389434586779	0.0	0.0	0.0	0.0	0.0	0.0	0.0	0.0	0.0	0.0
71035238	71028304	78809221.58880298	50.951726711212125	-115.11663032995786	5	0.004814601495	8712.122589970293	0.0	0.259926732592844	0.0	0.0	0.0	0.062616495074174	0.0	0.1078412313475083	0.5696155409854735	0.0	0.0	0.0	0.0	0.0	0.0	0.0	0.0	0.0	0.0
71022992	71022945	25862638.993992306	52.497476494859335	-114.42986657873364	5	0.000358359565	5013.1689730809385	0.0	0.0	0.0600960510338512	0.0	0.0	0.100606502405814	0.0	0.0	0.0	0.0	0.0	0.0	0.0	0.0	0.0	0.0596176965673021	0.7796797499930327	0.0	0.0
71028835	71028795	8570973.760051465	51.656974942815566	-114.34583697234355	5	0.001651066977	4837.687810690928	0.0	0.0	0.0629747604693218	0.0	0.0	0.0	0.0	0.0	0.0	0.0	0.0	0.0	0.0	0.0	0.0	0.0	0.9370252395306782	0.0	0.0
71028727	71028494	82132230.07835798	51.93518796505989	-114.68571266041188	5	0.003443604894	23155.65077626903	0.0	0.0	0.055499417847238	0.0	0.0	0.2827050362955041	0.0	0.0	0.1108950422639281	0.0	0.0	0.0	0.0	0.0	0.0	0.0562599874514184	0.4946405161419112	0.0	0.0
71023020	71022780	68813186.33815593	52.36138565891469	-114.43445430436549	5	0.00027387935	17491.978423261196	0.0	0.0	0.0767267731702912	0.0	0.0	0.0944037022933676	0.0	0.0	0.0	0.0	0.0	0.0	0.0	0.0	0.0	0.0	0.8288695245363411	0.0	0.0
71028957	71028904	29018255.03149769	51.391795156906376	-116.12433098591546	5	0.002881811719	4954.076400411348	0.0	0.0672439488514542	0.0	0.0	0.0	0.0	0.0	0.0	0.9327560511485458	0.0	0.0	0.0	0.0	0.0	0.0	0.0	0.0	0.0	0.0
71028304	71028249	45020188.93181418	51.01441544235714	-115.06860478885672	5	0.005959265911	10958.212928921317	0.0	0.122352398567103	0.0	0.0	0.0666412834897808	0.1320698411334473	0.0	0.1076999892711329	0.5712364875385358	0.0	0.0	0.0	0.0	0.0	0.0	0.0	0.0	0.0	0.0
71028833	71028757	53110148.777299225	51.27466610834774	-114.81882270835457	5	0.005519200725	8644.083407839558	0.0	0.0	0.0	0.0	0.0	0.3484940898454825	0.0	0.1309827748495681	0.5205231353049494	0.0	0.0	0.0	0.0	0.0	0.0	0.0	0.0	0.0	0.0
71022945	71022911	6239359.040604067	52.464583333333366	-114.40521815376003	5	0.000566381009	5288.109703645012	0.0	0.0	0.0855274114288468	0.0	0.0	0.1301325703619606	0.0	0.0	0.0	0.0	0.0	0.0	0.0	0.0	0.0	0.0891499671575146	0.695190051051678	0.0	0.0
71028722	71028580	118162262.00784232	51.76131425884122	-114.49557934537232	5	0.001769028512	38093.20167780246	0.0	0.0	0.0	0.0	0.0	0.2167061381557914	0.0	0.0	0.0819900938650677	0.0	0.0	0.0	0.0	0.0	0.0	0.0	0.7013037679791408	0.0	0.0
71028757	71027992	11956387.549246427	51.23904181708788	-114.73385792719611	5	0.004311326962	6252.6458393948915	0.0	0.0	0.0	0.0	0.0892626235051504	0.4044084844261322	0.0	0.3547235941021499	0.1516052979665674	0.0	0.0	0.0	0.0	0.0	0.0	0.0	0.0	0.0	0.0
71028249	71028039	26997370.306823764	51.06441089936483	-115.0412445670345	5	0.00523071085	10421.352473178373	0.0	0.0	0.0813021963655984	0.0	0.0	0.2142146606215066	0.0	0.135133101767282	0.5693500412456127	0.0	0.0	0.0	0.0	0.0	0.0	0.0	0.0	0.0	0.0
71028795	71028675	58950511.420635045	51.70543195614743	-114.3494484461357	5	0.000825432067	21771.268665903433	0.0	0.0	0.0	0.0	0.0	0.093619306393256	0.0	0.0	0.0	0.0	0.0	0.0	0.0	0.0	0.0	0.0	0.906380693606744	0.0	0.0
71028847	71028699	107623091.40861253	51.69246723590158	-115.45826689502243	5	0.003755652074	22458.15815153213	0.0	0.1461897887831472	0.0	0.0	0.0	0.0636373669308743	0.0	0.1529328816315457	0.6372399626544326	0.0	0.0	0.0	0.0	0.0	0.0	0.0	0.0	0.0	0.0
71028904	71028852	28688601.44294877	51.35101469668545	-116.10112398373984	5	0.002677796869	4548.938407763738	0.0	0.0980524087480927	0.0	0.0	0.0	0.0	0.0	0.0	0.9019475912519072	0.0	0.0	0.0	0.0	0.0	0.0	0.0	0.0	0.0	0.0
71028699	71028685	2572011.4897842403	51.653669438669446	-115.3342515592516	5	0.006532413911	2229.791511424053	0.0	0.0	0.0	0.0	0.0	0.0	0.0	0.0	1.0	0.0	0.0	0.0	0.0	0.0	0.0	0.0	0.0	0.0	0.0
71022911	71022780	94405523.62601744	52.4046048038178	-114.34406848272126	5	0.000512581054	22008.495427607864	0.0	0.0	0.0702054413923832	0.0	0.0	0.1001814474192647	0.0	0.0	0.0	0.0	0.0	0.0	0.0	0.0	0.0	0.0	0.829613111188352	0.0	0.0
71028675	71028580	60050840.57755681	51.782477801456224	-114.34916193097729	5	0.000684627869	10646.833658144446	0.0	0.0	0.0	0.0	0.0	0.0695159841860903	0.0	0.0	0.0	0.0	0.0	0.0	0.0	0.0	0.0	0.0	0.9304840158139096	0.0	0.0
71028852	71028740	113253720.010744	51.30871166714242	-116.01815839755173	5	0.003577794898	15651.534969163118	0.0	0.1869699574699773	0.0	0.0	0.0	0.0	0.0	0.0	0.8130300425300228	0.0	0.0	0.0	0.0	0.0	0.0	0.0	0.0	0.0	0.0
71028740	71028700	62586612.12739475	51.26779744981474	-115.89569548548282	5	0.001970293108	7445.7819946547625	0.0	0.1879095016125724	0.0	0.0	0.0	0.0	0.0	0.0	0.8120904983874276	0.0	0.0	0.0	0.0	0.0	0.0	0.0	0.0	0.0	0.0
71028700	71028676	12535722.47848998	51.231533936002265	-115.83923518438783	5	0.001781119298	4202.0465764791425	0.0	0.0888746039424654	0.0	0.0	0.0	0.0	0.0	0.0	0.9111253960575346	0.0	0.0	0.0	0.0	0.0	0.0	0.0	0.0	0.0	0.0
71028685	71028663	10121263.680596245	51.65829767564711	-115.30689690086282	5	0.00571588655	5132.430916627718	0.0	0.0	0.0985121404631158	0.0	0.0	0.0755301314167964	0.0	0.2626387852192053	0.5633189429008824	0.0	0.0	0.0	0.0	0.0	0.0	0.0	0.0	0.0	0.0
71028663	71028657	5701944.804784647	51.6391228893058	-115.26513758599117	5	0.006522314049	1728.849106916434	0.0	0.0	0.0	0.0	0.0	0.1086000267591988	0.0	0.3993878609528505	0.4920121122879506	0.0	0.0	0.0	0.0	0.0	0.0	0.0	0.0	0.0	0.0
71028676	71028609	120125616.92984608	51.194884720286446	-115.75492915374124	5	0.001438131207	19294.40325466857	0.0	0.2856598708378838	0.0	0.0	0.0	0.0	0.0	0.1294952496612219	0.5848448795008943	0.0	0.0	0.0	0.0	0.0	0.0	0.0	0.0	0.0	0.0
71028657	71028598	91672189.45342998	51.656598571012154	-115.18936074657373	5	0.005676071607	14676.995387908071	0.0	0.0	0.0	0.0	0.0	0.2514549546102848	0.0	0.1541750246028342	0.5943700207868808	0.0	0.0	0.0	0.0	0.0	0.0	0.0	0.0	0.0	0.0
71022780	71022754	6733632.180272047	52.32136997913405	-114.35384911319781	5	0.000163395373	4888.997647479669	0.0	0.0	0.075029647867577	0.0	0.0	0.0	0.0	0.0	0.0	0.0	0.0	0.0	0.0	0.0	0.0	0.0	0.924970352132423	0.0	0.0
71028609	71028597	18727425.36069085	51.17266565685709	-115.64982568763249	5	0.000110122015	2717.98565473261	0.0	0.2766255763802847	0.0	0.0	0.0	0.0	0.0	0.0727902022199135	0.6505842213998018	0.0	0.0	0.0	0.0	0.0	0.0	0.0	0.0	0.0	0.0
71022754	71022693	68214244.51979646	52.29505364917441	-114.27207331839158	5	0.000468494651	12146.797901294607	0.0	0.0	0.0763259938521164	0.0	0.0	0.0	0.0	0.0	0.0	0.0	0.0	0.0	0.0	0.0	0.0	0.0	0.9236740061478836	0.0	0.0
71028580	71028546	60702915.08209841	51.857231868806586	-114.37334875325222	5	0.001774938155	16651.050995720838	0.0	0.0	0.0	0.0	0.0	0.1083704046467092	0.0	0.0	0.0	0.0	0.0	0.0	0.0	0.0	0.0	0.0	0.8916295953532908	0.0	0.0
71028597	71028585	11788642.878306793	51.17700427742134	-115.61300336083103	5	0.020344166288943	4374.7184689682235	0.0	0.2221372443270332	0.0	0.0	0.1120043827070497	0.1041000541354762	0.0	0.1104323750701758	0.4513259437602649	0.0	0.0	0.0	0.0	0.0	0.0	0.0	0.0	0.0	0.0
71022693	71022679	11300854.487559881	52.241400825159666	-114.25527206912668	5	0.000299611129	7663.53803706291	0.0	0.0	0.0	0.0	0.0	0.0	0.0	0.0	0.0	0.0	0.0	0.0	0.0	0.0	0.0	0.0	1.0	0.0	0.0
71028546	71028531	34265544.17975376	51.90125303947441	-114.28938602617842	5	0.002002800664	9419.614225487765	0.0	0.0	0.0	0.0	0.0	0.1143856071841127	0.0	0.0	0.0	0.0	0.0	0.0	0.0	0.0	0.0	0.0	0.8856143928158873	0.0	0.0
71028585	71028189	6241354.829974287	51.16759235209231	-115.57361832611845	5	0.006318232539	3080.424630517388	0.0	0.0	0.4420532095277503	0.0	0.0	0.0	0.0	0.0	0.5579467904722497	0.0	0.0	0.0	0.0	0.0	0.0	0.0	0.0	0.0	0.0
71028531	71028524	4187986.017087338	51.931595812182735	-114.24829949238583	5	0.001728383331	6353.643306630201	0.0	0.0	0.0	0.0	0.1093132417983293	0.1805893583214158	0.0	0.0	0.2144080842677538	0.0	0.0	0.0	0.0	0.0	0.0	0.0861752610514834	0.4095140545610176	0.0	0.0
71028598	71028558	56555141.988060296	51.63393697187538	-115.02859952389956	5	0.005114333772	15360.101613449648	0.0	0.0	0.0	0.0	0.0	0.3526331640646102	0.0	0.0	0.6473668359353898	0.0	0.0	0.0	0.0	0.0	0.0	0.0	0.0	0.0	0.0
71022679	71022661	6218270.976748606	52.20023364485982	-114.25713324837156	5	0.000627008592	5253.767830765089	0.0	0.0	0.0	0.0	0.0569821183421724	0.0834335639086646	0.0	0.0	0.0	0.0	0.0	0.0	0.0	0.0	0.0	0.0	0.859584317749163	0.0	0.0
71028524	71022365	6172124.794580848	51.95773092369478	-114.24854847963284	5	0.001132269747	5114.02222018955	0.0	0.0	0.0582686882118197	0.0	0.0574822616520801	0.3256375829405954	0.0	0.120310975002413	0.0690528544023081	0.0	0.0	0.0	0.0	0.0	0.0	0.0556945501048003	0.3135530876859832	0.0	0.0
71022661	71022647	17005354.41436689	52.175248937933944	-114.21816754740439	5	0.000210199709	11398.821963345716	0.0	0.0	0.0	0.0	0.0	0.1810280115905063	0.0	0.0	0.0	0.0	0.0	0.0	0.0	0.0	0.0	0.0	0.8189719884094936	0.0	0.0
71022365	71022305	40898547.24724506	51.99419197162384	-114.2183924863741	5	0.00133977652	19447.748287737195	0.0	0.0	0.0	0.0	0.0618486980946873	0.1144908235530859	0.0	0.0	0.0885317531870437	0.0	0.0	0.0	0.0	0.0	0.0	0.0916117812575799	0.643516943907603	0.0	0.0
71022305	71022302	1660420.162489682	52.015535143769974	-114.14084132055382	5	0.001703622684	1289.122676788475	0.0	0.0	0.0	0.0	0.0	0.0	0.0	0.0	0.0	0.0	0.0	0.0	0.0	0.0	0.0	0.0	1.0	0.0	0.0
71022647	71022639	28330444.658040203	52.112826824862935	-114.2053789860488	5	0.000319763227	3746.649669583799	0.0	0.0	0.0	0.0	0.0	0.0566050048768337	0.0	0.0	0.0	0.0	0.0	0.0	0.0	0.0	0.0	0.0	0.9433949951231662	0.0	0.0
71028558	71028526	96910191.13006377	51.6953666391032	-114.88851368981986	5	0.004620180564	17237.368832259257	0.0	0.0	0.0	0.0	0.0	0.3979749611971962	0.0	0.0	0.5200045153611373	0.0	0.0	0.0	0.0	0.0	0.0	0.0	0.0	0.0	0.0820205234416664
71022302	71022170	15710171.661192726	52.03888879514004	-114.1576423107211	5	0.001706634586	10881.223463347347	0.0	0.0	0.0	0.0	0.0	0.0	0.0	0.0	0.0	0.0	0.0	0.0	0.0	0.0	0.0	0.0	1.0	0.0	0.0
71028526	71028510	32667780.221640002	51.74858488511379	-114.7498335239028	5	0.004050483586	16336.945617691452	0.0	0.0	0.0	0.0	0.0866417657459128	0.222795834388772	0.0	0.1217525975464027	0.2117934060842369	0.0	0.0	0.0	0.0	0.0	0.0	0.0	0.3570163962346754	0.0	0.0
71022639	71022635	1588060.611775274	52.11195277777781	-114.16135833333331	5	0.001052278463	2941.4625005350563	0.0	0.0	0.0	0.0	0.055660490931267	0.0639862538224271	0.0	0.0750411232503306	0.0	0.0	0.0	0.0	0.0	0.0	0.0	0.0	0.8053121319959752	0.0	0.0
71022635	71022168	16967613.888072126	52.093018882646746	-114.12200998751564	5	0.000588811388	8818.100472511214	0.0	0.0	0.0	0.0	0.0	0.0	0.0	0.0	0.0	0.0	0.0	0.0	0.0	0.0	0.0	0.0	1.0	0.0	0.0
71028189	71028159	17004247.285858426	51.17146647600893	-115.51835186950527	5	0.002443535276	9273.265633951378	0.0	0.1869705900778073	0.0739196138110261	0.0	0.1183969251840668	0.0	0.0	0.0	0.6207128709270997	0.0	0.0	0.0	0.0	0.0	0.0	0.0	0.0	0.0	0.0
71028510	71028505	17150433.267885685	51.762463452566095	-114.64048781752199	5	0.003096210933	4806.823448020422	0.0	0.0	0.0637240624857751	0.0	0.0	0.1391670254479402	0.0	0.1447934851398944	0.2855350660991343	0.0	0.0	0.0	0.0	0.0	0.0	0.0	0.3667803608272559	0.0	0.0
71028505	71028498	52837304.9358692	51.82306975532698	-114.65221138334326	5	0.003804166124	10947.863021794536	0.0	0.0	0.1093277772290502	0.0	0.0	0.2367302551560878	0.0	0.0730471395744396	0.1095964795278312	0.0	0.0	0.0	0.0	0.0	0.0	0.0	0.471298348512591	0.0	0.0
71028498	71028494	42906694.70934328	51.8798252521496	-114.63627438822769	5	0.003552760569	7109.4407229931585	0.0	0.0	0.0	0.0	0.0	0.2165902786765252	0.0	0.075562455890372	0.1205176211002193	0.0	0.0	0.0	0.0	0.0	0.0	0.0	0.5873296443328835	0.0	0.0
71028159	71028140	9849561.470213434	51.149167124039494	-115.46781695938523	5	0.002029374135	4229.94142236339	0.0	0.3064574153379487	0.0	0.0	0.0	0.0	0.0	0.0562244343097635	0.6373181503522876	0.0	0.0	0.0	0.0	0.0	0.0	0.0	0.0	0.0	0.0
71028140	71028095	70620355.38261648	51.111418830920115	-115.39532221200758	5	0.001647920648	15024.375306586271	0.0	0.235733875711449	0.0562479454440797	0.0	0.0	0.0	0.0	0.1219302858724044	0.586087892972067	0.0	0.0	0.0	0.0	0.0	0.0	0.0	0.0	0.0	0.0
71028095	71028073	53132072.32944266	51.04671229733861	-115.315660837497	5	0.001314388059	8582.11020996946	0.0	0.2119574967845782	0.0752375517469951	0.0	0.0	0.0546672454183717	0.0	0.077312766672511	0.5808249393775439	0.0	0.0	0.0	0.0	0.0	0.0	0.0	0.0	0.0	0.0
71028073	71028054	56685149.075277954	51.056460105112286	-115.21781000159257	5	0.000145153367	9623.85738577651	0.0	0.3045118589122881	0.0667512032395925	0.0	0.071845871719967	0.0	0.0	0.0909983410990963	0.4658927250290559	0.0	0.0	0.0	0.0	0.0	0.0	0.0	0.0	0.0	0.0
71028054	71028039	68912479.86844218	51.07351667059539	-115.12985673502529	5	0.001563332534	10789.209312395957	0.0	0.2325119873973951	0.0	0.0	0.0	0.1051694890537941	0.0	0.1362915310920908	0.52602699245672	0.0	0.0	0.0	0.0	0.0	0.0	0.0	0.0	0.0	0.0
71028494	71028490	45798479.54950589	51.90359846725507	-114.54291937606446	5	0.002993478464	8834.93720802774	0.0	0.0	0.0	0.0	0.0	0.2656188240298504	0.0	0.0654948020029163	0.0897790699947044	0.0	0.0	0.0	0.0	0.0	0.0	0.0840788614468614	0.4950284425256674	0.0	0.0
71028490	71022454	32124223.557348143	51.973518044077224	-114.45663581267232	5	0.00311837643	7330.165883340466	0.0	0.0	0.0	0.0	0.0	0.1900850706103253	0.0	0.098840136471623	0.1347644639054197	0.0	0.0	0.0	0.0	0.0	0.0	0.0700960525611271	0.506214276451505	0.0	0.0
71022454	71022198	25864424.318929236	51.99131609549215	-114.39231274368974	5	0.002239460884	8783.43314740521	0.0	0.0	0.0	0.0	0.0	0.1375989402167278	0.0	0.0875197568599796	0.1025783534728392	0.0	0.0	0.0	0.0	0.0	0.0	0.1036541049509016	0.5686488444995517	0.0	0.0
71028039	71028027	28304805.39763543	51.12327520861201	-115.05775622651122	5	0.00617106801	8556.970227622478	0.0	0.0	0.0	0.0	0.0608204400024981	0.4414498253405812	0.0	0.1738242578978368	0.3239054767590837	0.0	0.0	0.0	0.0	0.0	0.0	0.0	0.0	0.0	0.0
71028027	71028023	23568271.829547446	51.11996461632628	-114.99455894728807	5	0.003348606172	4708.318675673298	0.0	0.0	0.1928223705491095	0.0	0.0	0.1881048935722047	0.0	0.470411429047691	0.1486613068309947	0.0	0.0	0.0	0.0	0.0	0.0	0.0	0.0	0.0	0.0
71028023	71028014	41642166.47662346	51.136510950958886	-114.93707667835369	5	0.001380840371	8817.674185656031	0.0	0.0	0.1384082498710371	0.0	0.0	0.3459530207722648	0.0	0.3153944924684871	0.2002442368882109	0.0	0.0	0.0	0.0	0.0	0.0	0.0	0.0	0.0	0.0
71028014	71028007	18173335.026966102	51.1664030131827	-114.86391540291406	5	0.00121405977	3615.818497757672	0.0	0.0	0.2279378825298698	0.0	0.0	0.324237205606432	0.0	0.3598368532549171	0.0879880586087809	0.0	0.0	0.0	0.0	0.0	0.0	0.0	0.0	0.0	0.0
71028007	71027992	85151198.5349633	51.186092996701376	-114.78237651188368	5	0.000106461107	12185.59874328565	0.0	0.0	0.0620169396171634	0.0	0.1241477175662586	0.4301280971365457	0.0	0.2756093662453618	0.1080978794346702	0.0	0.0	0.0	0.0	0.0	0.0	0.0	0.0	0.0	0.0
71022198	71022170	78047732.28070684	52.0324160891425	-114.25825338587651	5	0.001874733545	31890.323166093673	0.0	0.0	0.0	0.0	0.299886287079609	0.0698427622335712	0.0	0.0	0.0	0.0	0.0	0.0	0.0	0.0	0.0	0.0	0.6302709506868198	0.0	0.0
71027992	71027981	12580456.095759932	51.20581509299001	-114.68399427753936	5	0.008274897336	4256.273810361519	0.0	0.0	0.0	0.0	0.0805180439213534	0.5539782262259766	0.0	0.36550372985267	0.0	0.0	0.0	0.0	0.0	0.0	0.0	0.0	0.0	0.0	0.0
71027981	71027979	10715802.74589051	51.21400713685979	-114.64151889168762	5	0.001664730593	4614.729158233194	0.0	0.0	0.0994508212951548	0.0	0.0671588805481184	0.4960903446252476	0.0	0.3372999535314792	0.0	0.0	0.0	0.0	0.0	0.0	0.0	0.0	0.0	0.0	0.0
71027979	71027969	15838976.244142227	51.21367785730516	-114.59395961145196	5	0.001883697421	4077.8989848306965	0.0	0.0	0.0	0.0	0.0	0.443699697587662	0.0	0.4013223718636109	0.0	0.0	0.0	0.0	0.0	0.0	0.0	0.0	0.1549779305487271	0.0	0.0
71027969	71027963	29509403.019828193	51.194097120546544	-114.57298117984375	5	0.002479717309	4507.793977442368	0.0	0.0	0.0	0.0	0.0	0.4446319200713299	0.0	0.3470578521159391	0.0	0.0	0.0	0.0	0.0	0.0	0.0	0.0	0.208310227812731	0.0	0.0
71027963	71027962	7289864.640089808	51.20096172839504	-114.50673703703704	5	0.001483587698	1951.061012409519	0.0	0.0	0.4406833160894735	0.0	0.0	0.1525083520838399	0.0	0.3437920456835175	0.0	0.0	0.0	0.0	0.0	0.0	0.0	0.0	0.0630162861431692	0.0	0.0
71027962	71027957	1982458.53684991	51.18464804722978	-114.49179609445949	5	0.002402802644	2160.0289607469413	0.0	0.0	0.4862308525280099	0.0	0.094752433433684	0.1671340684853439	0.0	0.2518826455529621	0.0	0.0	0.0	0.0	0.0	0.0	0.0	0.0	0.0	0.0	0.0
71027957	71027942	93459490.90381235	51.15615970736236	-114.40650772077963	5	0.001507766205	20589.551321264786	0.0	0.0	0.1314484048607752	0.0	0.0	0.2342346954938518	0.0	0.4103812287465468	0.0	0.0	0.0	0.0	0.0	0.0	0.0	0.0	0.223935670898826	0.0	0.0
71027942	-9999	153058953.7969071	51.097534415293644	-114.2095544574877	5	0.001797565901	28145.109600689375	0.0	0.0	0.6692451646147485	0.0	0.0	0.132991214316642	0.0	0.143241808174901	0.0	0.0	0.0	0.0	0.0	0.0	0.0	0.0	0.0545218128937084	0.0	0.0
71022170	71022168	6800764.1574636055	52.05117433099508	-114.12879773967265	5	0.001363685781	2267.998078899959	0.0	0.0	0.0	0.0	0.0	0.0	0.0	0.0688503767979621	0.0	0.0	0.0	0.0	0.0	0.0	0.0	0.0	0.931149623202038	0.0	0.0
71022168	71022165	11729644.542647202	52.05405671034797	-114.09675892453697	5	0.000809738512	3820.904367210846	0.0	0.0	0.0	0.0	0.0	0.0	0.0	0.0	0.0	0.0	0.0	0.0	0.0	0.0	0.0	0.0	1.0	0.0	0.0
71022165	71022164	1473209.0601995692	52.06276678657074	-114.06972122302155	5	0.000505153421	1382.912645323175	0.0	0.0	0.0	0.0	0.103967979195745	0.0	0.0	0.0	0.1086430083329691	0.0	0.0	0.0	0.0	0.0	0.0	0.0681529043107236	0.7192361081605622	0.0	0.0
71022164	71022160	11004651.874366757	52.071024715133966	-114.04090033702444	5	0.000969187781	4117.764752977562	0.0	0.0	0.0	0.0	0.06262752543367	0.0	0.0	0.0	0.0	0.0	0.0	0.0	0.0	0.0	0.0	0.0	0.93737247456633	0.0	0.0
71022160	71022153	135786701.09325793	52.15327494320038	-113.96371824083091	5	0.000848247053	30018.43340781647	0.0	0.0	0.0	0.0	0.0	0.0	0.0	0.0	0.0	0.0	0.0	0.0	0.0	0.0	0.0	0.0	1.0	0.0	0.0
71022153	-9999	41328822.06361807	52.276063042368506	-113.86896620299473	5	0.000972211815	9650.665555801184	1e-05	1e-05	0.4465874120829881	1e-05	1e-05	0.0728149116473078	1e-05	1e-05	1e-05	1e-05	1e-05	1e-05	1e-05	1e-05	1e-05	1e-05	0.480597676269704	1e-05	1e-05
